
################################################################################
# Gelman-Rubin Diagnostic
################################################################################

Generally the Gelman diagnostic should be < 1.05


Out of 434 variables: 3 > 1.01

                      
0 > 1.05

                      
0 > 1.1


The worst variables are:

              Point est. Upper C.I.
loglik[182]     1.011881   1.018431
p.global[3]     1.011366   1.031415
ilr.global[1]   1.010424   1.013846
ilr.global[2]   1.009816   1.025341
p.global[2]     1.007225   1.023633
loglik[149]     1.006938   1.010447
loglik[299]     1.006892   1.022108
loglik[162]     1.006633   1.011970
loglik[270]     1.006623   1.010516
loglik[38]      1.006144   1.016835


And here are the Gelman diagnostics for all variables:

               Point est. Upper C.I.
deviance        1.0004072  1.0013238
ilr.fac1[1,1]         NaN        NaN
ilr.fac1[1,2]         NaN        NaN
ilr.fac1[10,1]  1.0002528  1.0003566
ilr.fac1[10,2]  1.0017512  1.0070138
ilr.fac1[11,1]  1.0001726  1.0012092
ilr.fac1[11,2]  0.9997155  1.0000474
ilr.fac1[12,1]  1.0006628  1.0026934
ilr.fac1[12,2]  1.0034622  1.0116703
ilr.fac1[13,1]  1.0007114  1.0029306
ilr.fac1[13,2]  1.0009372  1.0009958
ilr.fac1[14,1]  1.0008251  1.0037837
ilr.fac1[14,2]  1.0018006  1.0074840
ilr.fac1[15,1]  1.0016034  1.0042246
ilr.fac1[15,2]  1.0005900  1.0012254
ilr.fac1[16,1]  1.0012024  1.0050694
ilr.fac1[16,2]  1.0007076  1.0032086
ilr.fac1[17,1]  0.9996785  0.9998539
ilr.fac1[17,2]  0.9997685  1.0002910
ilr.fac1[18,1]  1.0004165  1.0026750
ilr.fac1[18,2]  0.9999971  1.0013278
ilr.fac1[19,1]  1.0006149  1.0032242
ilr.fac1[19,2]  1.0009805  1.0046161
ilr.fac1[2,1]   1.0004764  1.0012048
ilr.fac1[2,2]   1.0032740  1.0112522
ilr.fac1[20,1]  1.0033467  1.0095592
ilr.fac1[20,2]  1.0009138  1.0042514
ilr.fac1[21,1]  1.0012449  1.0030760
ilr.fac1[21,2]  1.0011119  1.0050892
ilr.fac1[22,1]  1.0015520  1.0064508
ilr.fac1[22,2]  1.0006876  1.0023272
ilr.fac1[23,1]  1.0006746  1.0037280
ilr.fac1[23,2]  1.0030738  1.0103607
ilr.fac1[24,1]  1.0006679  1.0025815
ilr.fac1[24,2]  1.0001823  1.0012034
ilr.fac1[25,1]  0.9995919  0.9997182
ilr.fac1[25,2]  1.0010793  1.0044235
ilr.fac1[26,1]  1.0050080  1.0195044
ilr.fac1[26,2]  1.0042794  1.0168833
ilr.fac1[27,1]  1.0011788  1.0048116
ilr.fac1[27,2]  1.0014740  1.0021028
ilr.fac1[28,1]  1.0003895  1.0006908
ilr.fac1[28,2]  1.0010449  1.0037569
ilr.fac1[29,1]  1.0003395  1.0010754
ilr.fac1[29,2]  1.0003076  1.0022005
ilr.fac1[3,1]   0.9999198  1.0007247
ilr.fac1[3,2]   1.0030494  1.0120245
ilr.fac1[30,1]  0.9997304  0.9997637
ilr.fac1[30,2]  1.0004716  1.0029731
ilr.fac1[31,1]  1.0005816  1.0032600
ilr.fac1[31,2]  0.9998602  1.0004679
ilr.fac1[32,1]  1.0002986  1.0020652
ilr.fac1[32,2]  1.0011073  1.0036212
ilr.fac1[33,1]  0.9999485  1.0000775
ilr.fac1[33,2]  1.0001376  1.0004454
ilr.fac1[34,1]  1.0004518  1.0014917
ilr.fac1[34,2]  1.0001925  1.0012529
ilr.fac1[4,1]   1.0009522  1.0026921
ilr.fac1[4,2]   1.0024397  1.0101977
ilr.fac1[5,1]   1.0002091  1.0003129
ilr.fac1[5,2]   1.0008165  1.0042337
ilr.fac1[6,1]   1.0003135  1.0017733
ilr.fac1[6,2]   1.0025124  1.0093314
ilr.fac1[7,1]   1.0001637  1.0012637
ilr.fac1[7,2]   1.0007852  1.0033524
ilr.fac1[8,1]   1.0004592  1.0017176
ilr.fac1[8,2]   1.0013888  1.0052940
ilr.fac1[9,1]   1.0000484  1.0003514
ilr.fac1[9,2]   0.9998366  1.0003148
ilr.fac2[1,1]         NaN        NaN
ilr.fac2[1,2]         NaN        NaN
ilr.fac2[2,1]   1.0016917  1.0055433
ilr.fac2[2,2]   1.0025389  1.0081960
ilr.fac2[3,1]   1.0024474  1.0053962
ilr.fac2[3,2]   1.0010610  1.0050945
ilr.global[1]   1.0104236  1.0138462
ilr.global[2]   1.0098163  1.0253411
loglik[1]       1.0017017  1.0071166
loglik[10]      1.0008658  1.0042193
loglik[100]     0.9999295  1.0007525
loglik[101]     0.9998427  1.0005572
loglik[102]     0.9997211  1.0002821
loglik[103]     1.0004669  1.0012651
loglik[104]     1.0000960  1.0009724
loglik[105]     1.0012973  1.0057272
loglik[106]     1.0013320  1.0042646
loglik[107]     1.0017704  1.0076815
loglik[108]     0.9997588  1.0001100
loglik[109]     0.9999680  1.0006032
loglik[11]      1.0048502  1.0136966
loglik[110]     1.0000754  1.0009245
loglik[111]     1.0009337  1.0033052
loglik[112]     1.0002526  1.0013079
loglik[113]     0.9999422  1.0004450
loglik[114]     0.9999535  1.0004055
loglik[115]     1.0003556  1.0014870
loglik[116]     1.0003351  1.0023833
loglik[117]     1.0009766  1.0041007
loglik[118]     1.0002231  1.0019948
loglik[119]     1.0003652  1.0006134
loglik[12]      1.0009637  1.0040314
loglik[120]     1.0010615  1.0018509
loglik[121]     1.0004680  1.0011660
loglik[122]     1.0044068  1.0047893
loglik[123]     1.0018037  1.0030784
loglik[124]     1.0005507  1.0030774
loglik[125]     1.0006986  1.0033662
loglik[126]     1.0003639  1.0014618
loglik[127]     1.0006144  1.0023184
loglik[128]     1.0006114  1.0014245
loglik[129]     1.0007492  1.0028458
loglik[13]      1.0009517  1.0037221
loglik[130]     1.0009359  1.0040764
loglik[131]     1.0009129  1.0025363
loglik[132]     1.0004639  1.0015100
loglik[133]     0.9997176  0.9999701
loglik[134]     1.0005124  1.0030011
loglik[135]     1.0005895  1.0034889
loglik[136]     1.0001484  1.0012655
loglik[137]     1.0007063  1.0027530
loglik[138]     1.0022625  1.0061189
loglik[139]     1.0027852  1.0102399
loglik[14]      1.0009463  1.0036868
loglik[140]     1.0016030  1.0061624
loglik[141]     1.0026377  1.0051363
loglik[142]     1.0010253  1.0046603
loglik[143]     1.0034748  1.0129322
loglik[144]     0.9997457  1.0003159
loglik[145]     1.0011083  1.0053716
loglik[146]     1.0017070  1.0074096
loglik[147]     1.0030694  1.0100632
loglik[148]     0.9998549  1.0004104
loglik[149]     1.0069383  1.0104469
loglik[15]      1.0010552  1.0037574
loglik[150]     1.0002096  1.0005205
loglik[151]     1.0011497  1.0016146
loglik[152]     1.0029400  1.0049158
loglik[153]     1.0002362  1.0016046
loglik[154]     1.0008938  1.0014448
loglik[155]     0.9995848  0.9997741
loglik[156]     0.9998831  1.0008234
loglik[157]     1.0003379  1.0013855
loglik[158]     1.0027695  1.0105847
loglik[159]     0.9998976  1.0002927
loglik[16]      1.0017271  1.0042069
loglik[160]     1.0007423  1.0012574
loglik[161]     1.0009323  1.0032069
loglik[162]     1.0066326  1.0119695
loglik[163]     1.0002333  1.0004336
loglik[164]     1.0005591  1.0022980
loglik[165]     1.0016620  1.0052475
loglik[166]     1.0036079  1.0128485
loglik[167]     1.0019273  1.0022509
loglik[168]     1.0041657  1.0068635
loglik[169]     1.0010250  1.0011578
loglik[17]      1.0007074  1.0019735
loglik[170]     1.0003047  1.0009784
loglik[171]     1.0000579  1.0015109
loglik[172]     1.0001864  1.0019197
loglik[173]     1.0005371  1.0012455
loglik[174]     1.0003737  1.0009552
loglik[175]     1.0015077  1.0017734
loglik[176]     1.0002905  1.0012590
loglik[177]     1.0037273  1.0072266
loglik[178]     1.0023803  1.0053275
loglik[179]     1.0004061  1.0027264
loglik[18]      0.9998539  1.0000060
loglik[180]     0.9997360  0.9999385
loglik[181]     0.9999367  1.0002729
loglik[182]     1.0118812  1.0184311
loglik[183]     1.0001246  1.0009044
loglik[184]     0.9998231  1.0002655
loglik[185]     0.9997966  0.9999024
loglik[186]     1.0023890  1.0078655
loglik[187]     0.9998118  1.0000759
loglik[188]     0.9997695  0.9997727
loglik[189]     1.0002815  1.0009992
loglik[19]      1.0005779  1.0015007
loglik[190]     0.9996127  0.9998630
loglik[191]     1.0022577  1.0060227
loglik[192]     1.0003326  1.0018729
loglik[193]     1.0008136  1.0034291
loglik[194]     1.0050675  1.0193786
loglik[195]     1.0054639  1.0209399
loglik[196]     1.0059402  1.0227992
loglik[197]     1.0058835  1.0224717
loglik[198]     1.0006814  1.0036614
loglik[199]     1.0017435  1.0071594
loglik[2]       1.0000258  1.0002782
loglik[20]      0.9999939  1.0003103
loglik[200]     1.0017333  1.0073427
loglik[201]     1.0018565  1.0067491
loglik[202]     1.0026712  1.0095129
loglik[203]     1.0012695  1.0050122
loglik[204]     1.0027608  1.0098224
loglik[205]     1.0003886  1.0004800
loglik[206]     1.0003172  1.0004343
loglik[207]     1.0003160  1.0003764
loglik[208]     1.0004312  1.0005419
loglik[209]     1.0008480  1.0012558
loglik[21]      1.0003723  1.0023062
loglik[210]     1.0003688  1.0004600
loglik[211]     1.0027082  1.0100906
loglik[212]     1.0026166  1.0098767
loglik[213]     1.0035034  1.0120847
loglik[214]     1.0028642  1.0112446
loglik[215]     1.0017016  1.0065207
loglik[216]     1.0035398  1.0134730
loglik[217]     1.0029344  1.0115493
loglik[218]     1.0035904  1.0132011
loglik[219]     0.9999844  1.0002717
loglik[22]      1.0013744  1.0056659
loglik[220]     1.0010147  1.0043700
loglik[221]     1.0024981  1.0068254
loglik[222]     0.9999760  1.0003612
loglik[223]     1.0007673  1.0022152
loglik[224]     1.0004469  1.0012509
loglik[225]     1.0002594  1.0009087
loglik[226]     1.0001908  1.0007825
loglik[227]     0.9999850  1.0007648
loglik[228]     1.0000438  1.0002716
loglik[229]     1.0006658  1.0036691
loglik[23]      0.9997664  0.9998467
loglik[230]     0.9997121  1.0002661
loglik[231]     1.0020361  1.0033271
loglik[232]     1.0003621  1.0021308
loglik[233]     1.0020030  1.0060396
loglik[234]     1.0002127  1.0015800
loglik[235]     1.0000573  1.0010704
loglik[236]     1.0004680  1.0015368
loglik[237]     0.9998130  1.0004874
loglik[238]     1.0008765  1.0037933
loglik[239]     0.9996551  0.9999353
loglik[24]      1.0042753  1.0160759
loglik[240]     1.0005227  1.0006522
loglik[241]     0.9999000  1.0003450
loglik[242]     0.9997837  1.0000166
loglik[243]     0.9999563  1.0001838
loglik[244]     1.0005119  1.0009226
loglik[245]     1.0004269  1.0007551
loglik[246]     1.0002155  1.0019112
loglik[247]     1.0024619  1.0085051
loglik[248]     0.9996730  1.0000945
loglik[249]     0.9999756  1.0012170
loglik[25]      1.0008434  1.0032160
loglik[250]     0.9996324  0.9999377
loglik[251]     0.9998092  1.0005836
loglik[252]     1.0021872  1.0092891
loglik[253]     1.0013452  1.0053726
loglik[254]     1.0009339  1.0022425
loglik[255]     1.0009524  1.0032395
loglik[256]     1.0012391  1.0049731
loglik[257]     1.0003783  1.0025699
loglik[258]     1.0002441  1.0013788
loglik[259]     1.0010691  1.0045939
loglik[26]      1.0028660  1.0117589
loglik[260]     1.0001974  1.0010388
loglik[261]     1.0000389  1.0009050
loglik[262]     1.0009436  1.0027859
loglik[263]     1.0020473  1.0037707
loglik[264]     1.0022327  1.0050171
loglik[265]     1.0025753  1.0031332
loglik[266]     1.0003672  1.0026158
loglik[267]     1.0005811  1.0019200
loglik[268]     1.0020611  1.0064267
loglik[269]     1.0011639  1.0021912
loglik[27]      1.0005573  1.0020038
loglik[270]     1.0066232  1.0105164
loglik[271]     0.9997539  1.0003998
loglik[272]     0.9997689  1.0001729
loglik[273]     1.0041340  1.0077035
loglik[274]     1.0001140  1.0004406
loglik[275]     1.0003599  1.0018773
loglik[276]     1.0001622  1.0013862
loglik[277]     1.0017580  1.0071089
loglik[278]     1.0020762  1.0052715
loglik[279]     1.0010105  1.0043421
loglik[28]      1.0007118  1.0028197
loglik[280]     0.9998334  0.9999928
loglik[281]     1.0006145  1.0029653
loglik[282]     1.0039942  1.0152349
loglik[283]     1.0006857  1.0021290
loglik[284]     1.0017480  1.0028243
loglik[285]     1.0056184  1.0212512
loglik[286]     1.0015093  1.0022173
loglik[287]     1.0059090  1.0130278
loglik[288]     1.0033744  1.0076507
loglik[289]     1.0004319  1.0026126
loglik[29]      1.0008256  1.0014734
loglik[290]     1.0015062  1.0061600
loglik[291]     1.0021360  1.0079100
loglik[292]     1.0021079  1.0079558
loglik[293]     0.9997399  0.9999268
loglik[294]     0.9996265  0.9998152
loglik[295]     1.0004420  1.0026392
loglik[296]     1.0021715  1.0081589
loglik[297]     1.0016999  1.0073920
loglik[298]     1.0025507  1.0104639
loglik[299]     1.0068918  1.0221081
loglik[3]       1.0000602  1.0006792
loglik[30]      1.0002110  1.0017013
loglik[300]     1.0029821  1.0095215
loglik[301]     1.0007537  1.0035606
loglik[302]     1.0024267  1.0088287
loglik[303]     1.0015831  1.0067057
loglik[304]     1.0002231  1.0021200
loglik[305]     1.0003371  1.0015521
loglik[306]     1.0002914  1.0014090
loglik[307]     1.0013201  1.0059501
loglik[308]     1.0003529  1.0005703
loglik[309]     1.0015846  1.0027895
loglik[31]      0.9998990  1.0002190
loglik[310]     1.0010045  1.0037481
loglik[311]     1.0020794  1.0063084
loglik[312]     1.0036167  1.0101359
loglik[313]     0.9997297  0.9997301
loglik[314]     1.0036936  1.0115133
loglik[315]     1.0022919  1.0084456
loglik[316]     1.0014867  1.0057467
loglik[317]     1.0038925  1.0098749
loglik[318]     1.0008247  1.0028597
loglik[319]     1.0007486  1.0025973
loglik[32]      1.0004209  1.0019048
loglik[320]     1.0001172  1.0013111
loglik[321]     1.0037895  1.0080040
loglik[322]     1.0025157  1.0062976
loglik[323]     1.0029901  1.0054582
loglik[324]     1.0013842  1.0062182
loglik[325]     1.0013844  1.0051360
loglik[326]     1.0020629  1.0067767
loglik[327]     1.0011230  1.0026085
loglik[328]     1.0044873  1.0167671
loglik[329]     1.0013177  1.0021918
loglik[33]      0.9997799  1.0004237
loglik[330]     1.0018201  1.0034483
loglik[331]     1.0007814  1.0035636
loglik[332]     1.0030697  1.0040212
loglik[333]     1.0004884  1.0011607
loglik[334]     1.0006538  1.0008988
loglik[335]     1.0009511  1.0023518
loglik[336]     1.0013081  1.0051380
loglik[337]     1.0008363  1.0027665
loglik[338]     0.9998913  1.0000408
loglik[339]     1.0002446  1.0004182
loglik[34]      0.9995111  0.9995230
loglik[340]     1.0007398  1.0012430
loglik[341]     1.0002414  1.0004071
loglik[342]     1.0003574  1.0021708
loglik[343]     1.0004791  1.0027423
loglik[344]     1.0009512  1.0046816
loglik[345]     1.0001108  1.0008955
loglik[346]     1.0005235  1.0014839
loglik[347]     1.0026419  1.0109899
loglik[348]     0.9998798  1.0008134
loglik[349]     1.0038708  1.0126664
loglik[35]      1.0008522  1.0027810
loglik[350]     0.9999782  1.0005629
loglik[351]     1.0002489  1.0013251
loglik[352]     1.0002676  1.0009604
loglik[36]      1.0007156  1.0026648
loglik[37]      1.0056481  1.0197219
loglik[38]      1.0061437  1.0168350
loglik[39]      1.0008228  1.0040740
loglik[4]       1.0001369  1.0006933
loglik[40]      1.0000566  1.0013824
loglik[41]      0.9999229  1.0005333
loglik[42]      1.0005758  1.0017458
loglik[43]      1.0002918  1.0013535
loglik[44]      1.0013585  1.0060244
loglik[45]      1.0008639  1.0022175
loglik[46]      1.0009782  1.0040093
loglik[47]      1.0024671  1.0055756
loglik[48]      1.0008728  1.0011420
loglik[49]      1.0015797  1.0031154
loglik[5]       0.9999864  1.0002171
loglik[50]      1.0005247  1.0023724
loglik[51]      1.0021223  1.0090007
loglik[52]      1.0011047  1.0037565
loglik[53]      1.0002356  1.0019333
loglik[54]      1.0002837  1.0021127
loglik[55]      1.0008043  1.0025586
loglik[56]      1.0001112  1.0015836
loglik[57]      1.0016791  1.0053513
loglik[58]      1.0004308  1.0022642
loglik[59]      1.0012833  1.0040725
loglik[6]       0.9999800  1.0000384
loglik[60]      1.0010188  1.0050440
loglik[61]      1.0007964  1.0032402
loglik[62]      1.0009027  1.0036156
loglik[63]      1.0006700  1.0018670
loglik[64]      0.9996632  0.9997248
loglik[65]      1.0016085  1.0057348
loglik[66]      1.0004281  1.0016780
loglik[67]      1.0004357  1.0012567
loglik[68]      0.9997994  1.0000611
loglik[69]      1.0028192  1.0108500
loglik[7]       1.0000133  1.0006085
loglik[70]      0.9999042  1.0004307
loglik[71]      0.9998790  1.0006574
loglik[72]      0.9997019  0.9997342
loglik[73]      1.0014450  1.0038641
loglik[74]      1.0007098  1.0035901
loglik[75]      1.0005417  1.0014832
loglik[76]      1.0005969  1.0015836
loglik[77]      1.0001779  1.0008214
loglik[78]      1.0006114  1.0034801
loglik[79]      1.0004817  1.0030902
loglik[8]       1.0005341  1.0010925
loglik[80]      0.9995903  0.9996358
loglik[81]      1.0004460  1.0028730
loglik[82]      0.9996221  0.9999347
loglik[83]      1.0019803  1.0035282
loglik[84]      1.0004115  1.0016135
loglik[85]      1.0039046  1.0120062
loglik[86]      1.0016828  1.0063624
loglik[87]      1.0015649  1.0050720
loglik[88]      1.0027742  1.0111609
loglik[89]      1.0035194  1.0120966
loglik[9]       1.0040393  1.0114189
loglik[90]      1.0014735  1.0037952
loglik[91]      1.0014568  1.0061548
loglik[92]      1.0010105  1.0048055
loglik[93]      1.0003853  1.0025680
loglik[94]      1.0000658  1.0011180
loglik[95]      0.9996711  1.0000946
loglik[96]      0.9998545  1.0007271
loglik[97]      1.0012540  1.0057803
loglik[98]      1.0002798  1.0017467
loglik[99]      1.0000181  1.0011488
p.global[1]     1.0038807  1.0047611
p.global[2]     1.0072254  1.0236325
p.global[3]     1.0113659  1.0314151
resid.prop[1]   1.0026926  1.0102864
resid.prop[2]   1.0016492  1.0064411

################################################################################
# Geweke Diagnostic
################################################################################

The Geweke diagnostic is a standard z-score, so we'd expect 5% to be outside +/-1.96
Number of variables outside +/-1.96 in each chain (out of 
434
):


       Chain 1 Chain 2 Chain 3
Geweke      80      27      17


And here are the Geweke diagnostics for all variables:

               chain1 chain2 chain3
deviance        1.120 -0.566  1.512
ilr.fac1[10,1] -0.158  0.625  1.116
ilr.fac1[10,2]  1.090  0.510  2.948
ilr.fac1[11,1]  1.888  1.506  0.159
ilr.fac1[11,2]  1.183 -0.160  0.046
ilr.fac1[12,1]  1.227  3.256  0.771
ilr.fac1[12,2]  0.279 -0.532 -0.061
ilr.fac1[13,1] -0.135  3.108  1.916
ilr.fac1[13,2] -0.227 -2.712  0.172
ilr.fac1[14,1]  0.939 -0.350 -0.931
ilr.fac1[14,2]  0.725  0.231 -0.331
ilr.fac1[15,1] -1.574  1.102  0.118
ilr.fac1[15,2] -0.170  0.572  0.874
ilr.fac1[16,1] -0.772 -0.301  0.531
ilr.fac1[16,2]  0.777 -0.460  1.487
ilr.fac1[17,1]  0.342  0.182  2.026
ilr.fac1[17,2]  1.582 -1.153  0.081
ilr.fac1[18,1]  0.710 -1.666 -0.580
ilr.fac1[18,2]  0.522  0.436 -0.987
ilr.fac1[19,1]  0.963  0.753  1.099
ilr.fac1[19,2]  2.287  0.696  0.994
ilr.fac1[2,1]   0.769 -1.764  1.850
ilr.fac1[2,2]   1.564  0.278  0.850
ilr.fac1[20,1]  0.141  0.222 -0.089
ilr.fac1[20,2]  2.078  1.116 -0.443
ilr.fac1[21,1]  1.927  2.021  0.103
ilr.fac1[21,2]  0.919  0.311 -0.114
ilr.fac1[22,1]  2.846  0.948  1.165
ilr.fac1[22,2] -2.683 -0.680 -0.484
ilr.fac1[23,1] -1.542  0.644 -1.140
ilr.fac1[23,2] -1.406 -2.240  1.385
ilr.fac1[24,1]  0.772  0.362  0.574
ilr.fac1[24,2]  1.390  0.351  2.152
ilr.fac1[25,1] -1.719 -0.034  0.303
ilr.fac1[25,2]  0.025  0.358 -0.147
ilr.fac1[26,1] -1.330 -0.664 -0.382
ilr.fac1[26,2] -1.397 -0.737 -0.220
ilr.fac1[27,1] -1.972 -0.580 -0.674
ilr.fac1[27,2] -0.134  0.507  0.968
ilr.fac1[28,1] -0.140 -0.664 -0.177
ilr.fac1[28,2]  0.410  0.411  0.855
ilr.fac1[29,1] -0.099  0.474  0.819
ilr.fac1[29,2] -0.526 -0.217 -1.628
ilr.fac1[3,1]   0.945  0.475  1.929
ilr.fac1[3,2]  -2.404 -0.438 -0.327
ilr.fac1[30,1]  0.733  0.351  2.542
ilr.fac1[30,2] -1.194  1.396 -1.441
ilr.fac1[31,1]  0.382  1.103 -0.176
ilr.fac1[31,2]  1.525 -0.454 -0.193
ilr.fac1[32,1]  1.744  1.803  2.955
ilr.fac1[32,2]  1.146  1.851 -2.007
ilr.fac1[33,1] -0.478  0.593  2.466
ilr.fac1[33,2]  0.782  0.780 -0.355
ilr.fac1[34,1]  0.955 -0.018  0.942
ilr.fac1[34,2]  1.160  1.074 -2.023
ilr.fac1[4,1]   0.538  0.026  1.309
ilr.fac1[4,2]   1.467  0.169 -0.351
ilr.fac1[5,1]   1.772 -0.803  0.138
ilr.fac1[5,2]   2.366  1.605  0.612
ilr.fac1[6,1]  -0.989  1.463  1.457
ilr.fac1[6,2]  -0.649  0.025  0.734
ilr.fac1[7,1]  -0.411  0.546  0.557
ilr.fac1[7,2]   0.742 -0.169  0.988
ilr.fac1[8,1]   1.396  0.910  0.096
ilr.fac1[8,2]   0.536  0.768  1.429
ilr.fac1[9,1]   0.158  0.372  0.891
ilr.fac1[9,2]   0.855  1.879  0.566
ilr.fac2[2,1]  -0.074 -1.604  0.563
ilr.fac2[2,2]   2.450  0.184  0.397
ilr.fac2[3,1]   1.208 -0.405  0.073
ilr.fac2[3,2]   0.680  0.107  0.601
ilr.global[1]  -2.006 -0.123 -0.680
ilr.global[2]  -1.196 -0.308 -0.351
loglik[1]      -3.866 -0.212 -0.237
loglik[10]     -0.389  2.428 -1.393
loglik[100]     2.111 -0.438 -0.427
loglik[101]    -2.970  0.373 -0.010
loglik[102]     0.336  2.780  0.176
loglik[103]     0.452  4.135  1.298
loglik[104]     0.303  4.035  0.805
loglik[105]    -1.372  0.109 -0.026
loglik[106]    -1.769 -0.769 -0.608
loglik[107]    -0.953  0.496  0.483
loglik[108]    -1.660  0.645 -0.457
loglik[109]    -1.268  0.567  0.006
loglik[11]     -0.621  0.434 -1.281
loglik[110]    -0.581  0.258  0.680
loglik[111]    -0.912 -0.006 -0.750
loglik[112]    -0.431  0.030  1.311
loglik[113]     2.845  0.262  0.038
loglik[114]    -1.604  0.850 -0.050
loglik[115]     2.128  1.471 -0.211
loglik[116]    -1.621 -0.895 -0.296
loglik[117]    -1.150 -1.494 -0.585
loglik[118]    -1.693 -0.841 -0.275
loglik[119]    -1.961  0.403 -0.321
loglik[12]      1.033  0.687  0.231
loglik[120]     0.559 -0.712 -0.779
loglik[121]    -1.347 -1.424 -0.357
loglik[122]     2.374  0.645  0.295
loglik[123]    -0.225 -0.410  1.312
loglik[124]     0.093 -0.023  1.056
loglik[125]     0.893 -0.235 -0.046
loglik[126]     0.784  0.994 -1.909
loglik[127]    -0.588  0.494 -1.334
loglik[128]    -0.424 -0.427 -1.159
loglik[129]    -0.857  0.418 -1.185
loglik[13]      0.912  0.698  0.315
loglik[130]     1.188  0.258  1.138
loglik[131]     0.741  1.056  0.941
loglik[132]    -0.120  1.134  0.839
loglik[133]     1.283 -0.071  0.501
loglik[134]     0.412 -0.384  0.846
loglik[135]    -1.594  0.750 -0.461
loglik[136]    -0.585  1.241 -1.539
loglik[137]    -1.160  1.305 -1.303
loglik[138]     0.724  2.331  0.274
loglik[139]     0.507 -0.085  0.092
loglik[14]      0.907  0.704  0.327
loglik[140]     0.278  0.872 -0.527
loglik[141]     1.117  1.076 -0.086
loglik[142]     1.657  0.709 -0.607
loglik[143]    -2.025 -0.782  0.659
loglik[144]    -1.614  0.089 -0.209
loglik[145]     1.517 -1.196 -0.739
loglik[146]    -0.038  0.340  0.631
loglik[147]     0.847  0.960  1.067
loglik[148]     0.258 -0.108  1.032
loglik[149]     2.190  0.611 -1.109
loglik[15]      3.035  0.280  0.332
loglik[150]     2.352  0.294 -0.726
loglik[151]     3.086  0.660 -1.425
loglik[152]     2.849  0.079 -0.668
loglik[153]     0.736  2.168 -1.115
loglik[154]     1.268  0.736  1.148
loglik[155]     0.329  1.379 -0.256
loglik[156]     1.472 -1.607 -0.412
loglik[157]     1.560  0.217 -0.223
loglik[158]     0.110  1.253  0.704
loglik[159]     2.969 -0.114  0.922
loglik[16]     -0.450  0.249 -0.236
loglik[160]     1.586 -0.857  1.584
loglik[161]     1.612  0.300 -0.405
loglik[162]     1.118  1.396  1.095
loglik[163]     3.220 -0.405 -0.435
loglik[164]    -0.822 -0.271  0.177
loglik[165]    -2.022 -0.728 -0.064
loglik[166]    -1.621 -0.514  0.155
loglik[167]    -0.965 -0.849 -1.072
loglik[168]     1.239  0.111 -0.960
loglik[169]    -0.421 -0.041 -1.921
loglik[17]      2.864 -0.019  0.367
loglik[170]     1.017 -2.016 -1.393
loglik[171]     0.392  1.112  1.287
loglik[172]    -0.018  0.991  0.805
loglik[173]     0.736 -2.041 -1.443
loglik[174]    -1.274 -1.071 -1.744
loglik[175]    -1.003 -1.054 -1.782
loglik[176]    -1.015 -0.910 -1.470
loglik[177]     0.752  0.394 -0.626
loglik[178]     0.784  0.268 -2.041
loglik[179]    -1.742 -1.212 -0.273
loglik[18]      1.632  0.158  0.467
loglik[180]     1.210  0.714 -1.890
loglik[181]     1.626 -0.847 -1.378
loglik[182]     0.563  0.148 -0.333
loglik[183]     1.364  0.843 -0.909
loglik[184]    -0.267 -0.599  1.432
loglik[185]     0.289 -0.092 -1.278
loglik[186]     0.888  0.539  0.185
loglik[187]    -0.031 -0.639  0.597
loglik[188]     1.610  1.962 -0.867
loglik[189]     0.079 -0.058 -0.697
loglik[19]      1.674  0.791  0.422
loglik[190]     1.359  1.814 -0.731
loglik[191]     1.296  0.847 -0.291
loglik[192]     0.312  0.244 -0.243
loglik[193]    -0.130 -0.141 -0.053
loglik[194]     1.309  0.592  0.197
loglik[195]    -1.307 -0.609 -0.185
loglik[196]    -1.735 -0.600 -0.264
loglik[197]    -1.648 -0.665 -0.222
loglik[198]    -2.387 -0.856 -0.142
loglik[199]    -1.256 -0.161 -0.126
loglik[2]      -0.733 -1.392 -0.154
loglik[20]      1.708  0.388  0.480
loglik[200]    -0.693  0.042 -0.309
loglik[201]    -0.063  0.214 -1.138
loglik[202]    -0.365  0.117 -1.034
loglik[203]    -1.126 -0.131  0.034
loglik[204]    -0.418  0.102 -0.889
loglik[205]    -0.520 -0.827  1.069
loglik[206]    -0.794 -1.229  0.984
loglik[207]    -0.648 -0.825  1.048
loglik[208]    -0.463 -0.842  1.072
loglik[209]    -0.018 -1.082  1.196
loglik[21]     -0.441 -0.873 -0.653
loglik[210]    -0.638 -1.154  1.006
loglik[211]    -0.829  0.309  0.026
loglik[212]    -0.936  0.092  0.660
loglik[213]    -1.501  0.451  0.548
loglik[214]    -1.338  0.164  0.689
loglik[215]    -0.706  0.406 -0.265
loglik[216]    -1.781  0.197  0.831
loglik[217]    -1.411  0.186  0.691
loglik[218]    -1.161  0.236  0.295
loglik[219]     0.584  0.620 -1.234
loglik[22]      1.978  0.643  0.110
loglik[220]    -0.301  0.401 -0.723
loglik[221]    -1.135  0.477  0.856
loglik[222]     1.020  1.114 -0.072
loglik[223]     1.122  1.413 -1.382
loglik[224]     1.578  1.764 -0.871
loglik[225]     1.471  1.568 -0.433
loglik[226]     1.424  1.497 -0.523
loglik[227]     3.738  0.239 -0.091
loglik[228]     2.741 -0.006 -0.379
loglik[229]     3.902  0.247 -0.167
loglik[23]     -0.892  0.283  1.048
loglik[230]     3.605  0.353  0.016
loglik[231]     1.008  0.520  0.343
loglik[232]     3.785  0.145 -0.232
loglik[233]    -2.964 -0.187  0.536
loglik[234]    -0.034 -0.457 -0.240
loglik[235]     1.564  0.558  0.637
loglik[236]     0.498  0.655  0.956
loglik[237]     1.813 -0.260  0.339
loglik[238]     1.284  0.544  0.660
loglik[239]     1.990  0.143  0.492
loglik[24]      1.773  0.995  1.021
loglik[240]     2.222  0.647  0.141
loglik[241]    -0.020  0.839 -0.165
loglik[242]     0.514  0.706 -0.754
loglik[243]     0.762  0.806 -0.533
loglik[244]     2.822  0.192  0.957
loglik[245]     2.828  0.295  1.140
loglik[246]     1.342 -0.936 -1.868
loglik[247]    -0.669 -0.060 -0.645
loglik[248]     1.138 -1.443 -1.972
loglik[249]     0.800 -1.552 -1.634
loglik[25]      1.014  0.763 -0.182
loglik[250]     0.768 -1.538 -1.905
loglik[251]     1.161 -1.249 -1.855
loglik[252]     0.437  0.872  2.466
loglik[253]     1.196  0.446  2.554
loglik[254]    -0.348 -1.597  0.920
loglik[255]     1.125 -1.092  0.463
loglik[256]     1.518  0.193 -0.200
loglik[257]     1.980  1.058  1.470
loglik[258]     2.768  0.605  0.812
loglik[259]     2.010  0.880  0.346
loglik[26]      2.396  0.968  0.470
loglik[260]    -0.011 -0.791 -0.947
loglik[261]     0.976  0.616 -1.558
loglik[262]     1.627  0.589  1.028
loglik[263]     2.308  1.213 -0.364
loglik[264]     2.770  2.081 -0.488
loglik[265]     0.753 -1.654 -0.504
loglik[266]     0.246  2.077  0.652
loglik[267]    -1.987 -1.595  2.320
loglik[268]     2.657  1.550 -0.689
loglik[269]    -1.802 -0.270 -0.262
loglik[27]     -2.237  2.304  0.138
loglik[270]     0.849  0.499 -0.564
loglik[271]     0.584 -0.609 -2.036
loglik[272]     1.351  2.341  0.097
loglik[273]    -0.578 -0.441 -1.013
loglik[274]    -0.373 -0.075 -1.252
loglik[275]    -1.429 -0.824 -1.553
loglik[276]    -0.318  0.825  0.668
loglik[277]     2.000  0.916  0.648
loglik[278]     1.109  1.092 -1.354
loglik[279]    -1.777 -0.116  0.522
loglik[28]     -1.940  2.458 -0.337
loglik[280]    -0.523 -0.047 -1.798
loglik[281]    -1.203 -0.014 -0.862
loglik[282]    -1.746 -0.488 -0.193
loglik[283]    -1.173 -1.218 -0.387
loglik[284]     0.738 -0.460 -0.600
loglik[285]    -1.444 -0.507 -0.239
loglik[286]     0.838 -0.414 -0.618
loglik[287]    -0.189  1.372 -0.517
loglik[288]     0.338  1.791 -1.470
loglik[289]     0.631  0.105  0.239
loglik[29]      2.359 -0.603  0.012
loglik[290]     2.048  2.023  0.960
loglik[291]     1.778  1.549 -0.177
loglik[292]     1.792  1.868  0.087
loglik[293]     2.352 -0.978 -1.858
loglik[294]     2.412 -0.883 -2.114
loglik[295]     2.939  0.479 -1.371
loglik[296]     1.793  1.654  0.265
loglik[297]    -1.454 -0.929 -0.119
loglik[298]    -1.309 -0.670 -0.180
loglik[299]    -2.139 -0.544 -0.681
loglik[3]      -0.993  0.200  0.744
loglik[30]     -0.155  0.631  0.768
loglik[300]    -1.631 -1.293  0.018
loglik[301]    -0.830 -1.965  0.007
loglik[302]     1.624  1.463 -0.365
loglik[303]     1.732  1.221 -0.367
loglik[304]     1.735  0.781 -0.664
loglik[305]    -0.661 -0.493 -0.609
loglik[306]    -0.528 -0.413 -0.660
loglik[307]    -0.745 -0.030  2.226
loglik[308]     0.452  0.012 -0.269
loglik[309]     0.991 -0.608 -0.807
loglik[31]      1.648  0.539 -0.390
loglik[310]     0.335  0.289  1.636
loglik[311]     2.173  1.086 -1.914
loglik[312]     3.048  1.146 -1.707
loglik[313]     1.060  1.859  0.935
loglik[314]     3.416  0.904 -1.011
loglik[315]     0.036 -1.482 -0.305
loglik[316]    -0.195 -0.521 -0.623
loglik[317]     1.312  3.362  0.262
loglik[318]     0.627 -0.229 -0.569
loglik[319]     0.662 -0.102 -0.586
loglik[32]      1.794  0.326  0.018
loglik[320]     0.358 -1.036 -0.033
loglik[321]     0.344  0.348 -1.066
loglik[322]     0.579  1.202 -1.754
loglik[323]    -0.114  0.492 -1.456
loglik[324]     2.165  1.812 -1.495
loglik[325]     2.052  1.587 -0.361
loglik[326]     3.177  1.638 -1.094
loglik[327]     2.308  0.698 -0.103
loglik[328]     1.864  1.195 -0.730
loglik[329]     2.567  1.643 -1.047
loglik[33]      1.898  2.229 -1.373
loglik[330]     1.330  0.504 -1.191
loglik[331]     1.366 -1.470  0.586
loglik[332]    -0.116 -0.169 -0.800
loglik[333]     2.795  0.248  0.140
loglik[334]     2.934  0.476 -0.224
loglik[335]     0.067  0.081  1.397
loglik[336]     1.523  0.368  1.508
loglik[337]     1.946  0.366 -1.716
loglik[338]    -0.048 -0.037  0.433
loglik[339]     2.161  1.983 -0.275
loglik[34]      0.046  1.558 -1.052
loglik[340]     0.530  1.342 -0.506
loglik[341]     1.000  1.358 -0.249
loglik[342]    -0.163  0.577 -1.217
loglik[343]     0.029  0.677 -1.622
loglik[344]    -1.448 -0.480 -0.803
loglik[345]    -0.798 -0.781 -1.590
loglik[346]    -0.210  0.154 -2.735
loglik[347]    -1.345 -0.784  0.220
loglik[348]    -0.206  0.712 -0.400
loglik[349]    -1.089 -0.572 -0.154
loglik[35]      3.109  1.056 -0.400
loglik[350]     0.607 -1.405 -0.247
loglik[351]    -1.324 -0.366 -0.993
loglik[352]    -0.306 -1.129 -0.957
loglik[36]      2.948  2.116 -1.138
loglik[37]      0.950  0.995 -0.127
loglik[38]     -1.224 -0.432 -0.623
loglik[39]      0.828  0.338  0.281
loglik[4]      -1.552  0.018  0.672
loglik[40]      0.394 -1.287 -0.992
loglik[41]     -1.107  0.499  0.564
loglik[42]     -1.154 -1.772 -1.734
loglik[43]      0.536  0.888 -0.252
loglik[44]     -0.749  0.448  0.102
loglik[45]      0.808  0.539  0.419
loglik[46]      4.307  1.089  1.296
loglik[47]     -1.906 -0.588 -0.556
loglik[48]     -0.196 -0.226  0.949
loglik[49]      1.983  0.167  1.216
loglik[5]       1.401  0.210 -0.017
loglik[50]      2.085  0.678  1.518
loglik[51]     -2.330 -0.638 -0.376
loglik[52]     -1.693 -0.455 -1.862
loglik[53]     -1.645 -0.046 -1.358
loglik[54]      1.498  0.385  1.506
loglik[55]     -1.379  1.110 -0.378
loglik[56]     -1.350  0.273 -1.232
loglik[57]      1.320  0.272 -0.169
loglik[58]     -1.445  0.005 -1.500
loglik[59]     -1.595 -0.510 -1.805
loglik[6]       1.019 -0.173 -0.328
loglik[60]     -1.982 -1.214  0.506
loglik[61]      0.212  0.007 -0.415
loglik[62]      0.144 -0.145 -0.067
loglik[63]     -0.282  1.080 -0.934
loglik[64]      0.726  0.872 -0.449
loglik[65]      1.805  1.895 -0.573
loglik[66]      1.548 -1.313  0.589
loglik[67]      1.764 -1.519  0.033
loglik[68]      0.464  0.330 -1.030
loglik[69]      1.533  0.453  0.032
loglik[7]       2.181 -0.289 -0.341
loglik[70]      0.866 -0.754 -0.781
loglik[71]     -0.077 -0.886  0.409
loglik[72]     -0.652 -0.553 -1.496
loglik[73]     -0.107  0.434 -1.612
loglik[74]     -0.220 -0.555  0.364
loglik[75]     -0.614  0.146 -1.435
loglik[76]     -0.432  0.330 -1.304
loglik[77]     -0.394 -1.622 -0.015
loglik[78]     -1.154 -0.774  0.291
loglik[79]     -1.063 -0.976  0.228
loglik[8]       0.863  1.934  1.768
loglik[80]      1.995 -0.267  0.961
loglik[81]      1.499 -0.552 -0.228
loglik[82]      1.615  0.053  0.108
loglik[83]     -0.771 -0.014  1.531
loglik[84]      3.071  0.835 -1.239
loglik[85]      1.112  0.147 -0.705
loglik[86]     -0.238 -1.162 -1.280
loglik[87]     -0.938 -0.990 -0.028
loglik[88]      1.951  0.846  1.368
loglik[89]      1.990  1.456  0.977
loglik[9]      -1.301 -0.273 -1.134
loglik[90]      0.208  1.293  0.287
loglik[91]      1.061  0.670  1.522
loglik[92]      0.392 -0.147  0.453
loglik[93]     -0.036 -1.717 -0.129
loglik[94]      0.038  2.706  1.009
loglik[95]     -0.177 -2.538 -0.908
loglik[96]      0.601 -0.658  0.163
loglik[97]      0.044  0.523  0.793
loglik[98]      2.382 -0.542 -0.394
loglik[99]      0.094  0.309 -0.609
p.global[1]    -2.372 -0.098 -0.661
p.global[2]    -0.684 -0.780  0.031
p.global[3]     1.176  0.399  0.305
resid.prop[1]  -1.993 -0.509 -0.280
resid.prop[2]   2.456 -0.261  0.208
