
################################################################################
# Gelman-Rubin Diagnostic
################################################################################

Generally the Gelman diagnostic should be < 1.05


Out of 176 variables: 110 > 1.01

                      
58 > 1.05

                      
19 > 1.1


The worst variables are:

              Point est. Upper C.I.
p.global[3]     1.259181   1.754555
ilr.global[2]   1.257923   1.722299
p.global[2]     1.247934   1.715062
resid.prop[1]   1.174290   1.516108
loglik[16]      1.161826   1.485384
ilr.global[1]   1.158304   1.471122
loglik[48]      1.153876   1.467762
loglik[74]      1.150314   1.463372
loglik[15]      1.129621   1.395882
loglik[23]      1.126388   1.387657


And here are the Gelman diagnostics for all variables:

               Point est. Upper C.I.
deviance        1.0004197  1.0026659
ilr.fac1[1,1]         NaN        NaN
ilr.fac1[1,2]         NaN        NaN
ilr.fac1[10,1]  1.0029290  1.0087920
ilr.fac1[10,2]  1.0007251  1.0034272
ilr.fac1[11,1]  1.0050269  1.0104107
ilr.fac1[11,2]  1.0016723  1.0053523
ilr.fac1[12,1]  1.0123816  1.0193494
ilr.fac1[12,2]  0.9998881  0.9999759
ilr.fac1[13,1]  1.0284415  1.0991505
ilr.fac1[13,2]  1.0517138  1.1724082
ilr.fac1[14,1]  1.0002798  1.0008819
ilr.fac1[14,2]  1.0065724  1.0245224
ilr.fac1[15,1]  1.0048668  1.0156454
ilr.fac1[15,2]  1.0015965  1.0053714
ilr.fac1[16,1]  1.0000217  1.0008795
ilr.fac1[16,2]  1.0021577  1.0079528
ilr.fac1[17,1]  1.0319091  1.1055582
ilr.fac1[17,2]  1.0315983  1.1075522
ilr.fac1[18,1]  1.0033761  1.0039083
ilr.fac1[18,2]  1.0002400  1.0005007
ilr.fac1[19,1]  1.0140139  1.0358985
ilr.fac1[19,2]  1.0240332  1.0836871
ilr.fac1[2,1]   1.0012407  1.0025443
ilr.fac1[2,2]   0.9999660  1.0006498
ilr.fac1[20,1]  1.0019916  1.0043235
ilr.fac1[20,2]  0.9999465  1.0010811
ilr.fac1[21,1]  1.0042943  1.0166254
ilr.fac1[21,2]  1.0040576  1.0129949
ilr.fac1[22,1]  1.0012677  1.0038190
ilr.fac1[22,2]  1.0029440  1.0119775
ilr.fac1[23,1]  1.0114643  1.0408410
ilr.fac1[23,2]  1.0592744  1.1953620
ilr.fac1[24,1]  1.0008819  1.0042356
ilr.fac1[24,2]  1.0014746  1.0051654
ilr.fac1[25,1]  1.0047852  1.0082490
ilr.fac1[25,2]  1.0065032  1.0155091
ilr.fac1[26,1]  1.0036949  1.0136673
ilr.fac1[26,2]  1.0014416  1.0045616
ilr.fac1[27,1]  1.0004128  1.0010984
ilr.fac1[27,2]  1.0003984  1.0022924
ilr.fac1[28,1]  1.0102237  1.0184010
ilr.fac1[28,2]  1.0261493  1.0893250
ilr.fac1[29,1]  1.0060196  1.0208575
ilr.fac1[29,2]  1.0069587  1.0256304
ilr.fac1[3,1]   1.0087207  1.0191537
ilr.fac1[3,2]   1.0045288  1.0104694
ilr.fac1[30,1]  1.0029979  1.0034165
ilr.fac1[30,2]  1.0168335  1.0559379
ilr.fac1[31,1]  1.0013902  1.0047549
ilr.fac1[31,2]  1.0017876  1.0029020
ilr.fac1[4,1]   1.0100002  1.0254457
ilr.fac1[4,2]   1.0043270  1.0123350
ilr.fac1[5,1]   1.0006117  1.0018348
ilr.fac1[5,2]   0.9996900  0.9998002
ilr.fac1[6,1]   1.0061411  1.0174309
ilr.fac1[6,2]   0.9999151  1.0008907
ilr.fac1[7,1]   1.0081443  1.0148895
ilr.fac1[7,2]   1.0034744  1.0084508
ilr.fac1[8,1]   1.0024708  1.0052662
ilr.fac1[8,2]   1.0054064  1.0173555
ilr.fac1[9,1]   1.0053377  1.0104441
ilr.fac1[9,2]   1.0086376  1.0265447
ilr.fac2[1,1]         NaN        NaN
ilr.fac2[1,2]         NaN        NaN
ilr.fac2[2,1]   1.0302449  1.0821366
ilr.fac2[2,2]   1.0734833  1.2366472
ilr.fac2[3,1]   1.0147072  1.0246539
ilr.fac2[3,2]   1.0132456  1.0402180
ilr.global[1]   1.1583037  1.4711218
ilr.global[2]   1.2579232  1.7222995
loglik[1]       1.0753442  1.2398828
loglik[10]      1.0734859  1.2375899
loglik[100]     1.0925783  1.2934753
loglik[11]      1.0547571  1.1818291
loglik[12]      1.1253543  1.3873091
loglik[13]      1.1245866  1.3857160
loglik[14]      1.0748437  1.2423784
loglik[15]      1.1296206  1.3958820
loglik[16]      1.1618262  1.4853841
loglik[17]      1.0701525  1.2268784
loglik[18]      1.0471794  1.1542336
loglik[19]      1.0427959  1.1375794
loglik[2]       1.0204925  1.0257631
loglik[20]      1.0885393  1.2812931
loglik[21]      1.0911420  1.2890826
loglik[22]      1.0319435  1.1063157
loglik[23]      1.1263881  1.3876569
loglik[24]      1.0978736  1.3084412
loglik[25]      1.0029783  1.0111145
loglik[26]      1.0401895  1.1360350
loglik[27]      1.0506114  1.1673433
loglik[28]      1.0274930  1.0807662
loglik[29]      1.0116088  1.0310009
loglik[3]       1.0198657  1.0658730
loglik[30]      1.0449805  1.1503244
loglik[31]      1.0080217  1.0205830
loglik[32]      1.0003649  1.0006200
loglik[33]      1.0103291  1.0255165
loglik[34]      1.0008745  1.0034725
loglik[35]      1.0364345  1.1242908
loglik[36]      1.0015249  1.0043338
loglik[37]      1.0322889  1.1092898
loglik[38]      1.0213849  1.0651047
loglik[39]      1.0008253  1.0013617
loglik[4]       1.0347839  1.1055326
loglik[40]      1.0743112  1.2378536
loglik[41]      1.0231563  1.0813189
loglik[42]      1.0778018  1.2437582
loglik[43]      1.0703521  1.2266236
loglik[44]      1.0456132  1.1535968
loglik[45]      1.0839060  1.2663524
loglik[46]      1.0430603  1.1393433
loglik[47]      1.0426402  1.1256058
loglik[48]      1.1538762  1.4677622
loglik[49]      1.0507542  1.1669265
loglik[5]       1.0094413  1.0330165
loglik[50]      1.0150943  1.0445334
loglik[51]      1.0499581  1.1613095
loglik[52]      1.0623176  1.2016375
loglik[53]      1.0908666  1.2845044
loglik[54]      1.0722284  1.2282727
loglik[55]      1.0291984  1.0986170
loglik[56]      1.0777841  1.2493797
loglik[57]      1.0245951  1.0747216
loglik[58]      1.0536859  1.1776974
loglik[59]      1.0954007  1.3000978
loglik[6]       1.1136270  1.3507191
loglik[60]      1.1134563  1.3527463
loglik[61]      1.0574425  1.1891290
loglik[62]      1.0362941  1.1204386
loglik[63]      1.0303627  1.1041767
loglik[64]      1.1200711  1.3697047
loglik[65]      1.0084993  1.0291801
loglik[66]      1.0057988  1.0130462
loglik[67]      1.0148663  1.0482457
loglik[68]      1.0439707  1.1478503
loglik[69]      1.0861977  1.2746103
loglik[7]       1.0481439  1.1610134
loglik[70]      1.0134753  1.0468833
loglik[71]      1.0707042  1.2299022
loglik[72]      1.0789175  1.2531897
loglik[73]      1.0611588  1.1929031
loglik[74]      1.1503141  1.4633723
loglik[75]      1.0681269  1.2133255
loglik[76]      1.0422047  1.1247352
loglik[77]      1.0627766  1.1980174
loglik[78]      1.0490090  1.1548182
loglik[79]      1.1151449  1.3548019
loglik[8]       1.0180175  1.0641292
loglik[80]      1.0431773  1.1396135
loglik[81]      1.0096887  1.0243678
loglik[82]      1.0100335  1.0258730
loglik[83]      1.1069444  1.3330791
loglik[84]      1.0068606  1.0121561
loglik[85]      1.0227683  1.0806306
loglik[86]      1.1008076  1.3145215
loglik[87]      1.0810745  1.2579348
loglik[88]      1.0039709  1.0137030
loglik[89]      1.0433819  1.1261776
loglik[9]       1.0547807  1.1775013
loglik[90]      1.0889739  1.2805397
loglik[91]      1.1104030  1.3455408
loglik[92]      1.0807361  1.2575552
loglik[93]      1.0341251  1.1154343
loglik[94]      1.0143137  1.0336637
loglik[95]      1.0078487  1.0118341
loglik[96]      1.0328352  1.1037959
loglik[97]      1.0580645  1.1874393
loglik[98]      1.0664106  1.2147579
loglik[99]      1.0540372  1.1589891
p.global[1]     1.0533334  1.1712379
p.global[2]     1.2479342  1.7150617
p.global[3]     1.2591815  1.7545549
resid.prop[1]   1.1742900  1.5161077
resid.prop[2]   1.0097634  1.0255914

################################################################################
# Geweke Diagnostic
################################################################################

The Geweke diagnostic is a standard z-score, so we'd expect 5% to be outside +/-1.96
Number of variables outside +/-1.96 in each chain (out of 
176
):


       Chain 1 Chain 2 Chain 3
Geweke       9      10      83


And here are the Geweke diagnostics for all variables:

               chain1 chain2 chain3
deviance       -0.564 -0.010 -2.906
ilr.fac1[10,1]  1.516 -0.099 -0.753
ilr.fac1[10,2] -0.661 -1.273  0.222
ilr.fac1[11,1] -0.204  0.760  0.466
ilr.fac1[11,2] -0.547 -0.629  0.256
ilr.fac1[12,1]  2.530 -2.103 -0.977
ilr.fac1[12,2] -2.431  0.029  1.143
ilr.fac1[13,1] -0.051 -0.134 -2.244
ilr.fac1[13,2]  0.222  0.423  2.305
ilr.fac1[14,1]  0.381  0.815  0.387
ilr.fac1[14,2]  0.504 -0.157 -1.270
ilr.fac1[15,1]  1.097 -1.636  1.343
ilr.fac1[15,2] -0.164 -0.100  0.270
ilr.fac1[16,1] -1.583  1.421 -0.723
ilr.fac1[16,2] -0.772 -1.513 -2.165
ilr.fac1[17,1] -0.806 -0.562 -4.367
ilr.fac1[17,2]  0.294  0.934  3.350
ilr.fac1[18,1] -0.191 -0.931  0.696
ilr.fac1[18,2]  2.761 -0.733  0.227
ilr.fac1[19,1]  0.581 -0.992  2.167
ilr.fac1[19,2] -0.150  0.463 -1.296
ilr.fac1[2,1]  -0.799 -0.819  0.863
ilr.fac1[2,2]  -0.664  1.643  0.281
ilr.fac1[20,1] -1.563  0.493  0.443
ilr.fac1[20,2] -0.132  1.478 -0.577
ilr.fac1[21,1]  0.848 -0.361  1.943
ilr.fac1[21,2]  0.257  0.260  1.275
ilr.fac1[22,1]  1.938 -0.496 -0.358
ilr.fac1[22,2]  0.961 -1.008  1.878
ilr.fac1[23,1] -0.531  0.220 -2.080
ilr.fac1[23,2] -0.148 -1.165  2.896
ilr.fac1[24,1]  1.725  0.235  1.143
ilr.fac1[24,2]  1.934  1.546 -1.098
ilr.fac1[25,1] -0.319 -0.136 -0.196
ilr.fac1[25,2] -0.970 -1.447 -3.140
ilr.fac1[26,1] -1.676  0.675  3.104
ilr.fac1[26,2]  1.174 -0.240  1.085
ilr.fac1[27,1]  1.690 -0.333  1.007
ilr.fac1[27,2] -1.041  1.573 -0.478
ilr.fac1[28,1]  1.217  0.286  1.568
ilr.fac1[28,2]  0.453 -1.739 -0.573
ilr.fac1[29,1] -0.407  0.701 -1.112
ilr.fac1[29,2]  0.831  0.009  1.380
ilr.fac1[3,1]  -1.940  1.039 -2.697
ilr.fac1[3,2]   0.700 -0.870  0.315
ilr.fac1[30,1]  0.473  1.970  1.671
ilr.fac1[30,2]  1.578  0.890  2.242
ilr.fac1[31,1] -1.282 -1.528  1.228
ilr.fac1[31,2] -0.097  0.823 -0.061
ilr.fac1[4,1]  -0.363  0.636 -2.027
ilr.fac1[4,2]  -0.564 -0.674  1.010
ilr.fac1[5,1]  -0.063 -0.285  0.416
ilr.fac1[5,2]  -0.539 -0.080 -0.178
ilr.fac1[6,1]   0.562  0.082  1.860
ilr.fac1[6,2]   2.021 -0.382  0.894
ilr.fac1[7,1]  -2.857 -1.207 -0.704
ilr.fac1[7,2]  -0.793  1.162 -0.321
ilr.fac1[8,1]   0.957  0.782 -0.304
ilr.fac1[8,2]   0.038 -0.704  0.899
ilr.fac1[9,1]  -2.205 -1.747 -2.111
ilr.fac1[9,2]  -0.301 -0.339 -0.987
ilr.fac2[2,1]  -0.118  1.260 -1.661
ilr.fac2[2,2]   0.598 -0.766  2.079
ilr.fac2[3,1]   0.959  2.769 -1.726
ilr.fac2[3,2]   0.519  2.230  2.359
ilr.global[1]  -0.664  0.984 -3.714
ilr.global[2]   0.264 -1.583  2.808
loglik[1]      -0.637 -1.755 -3.228
loglik[10]     -0.544  0.147 -1.493
loglik[100]     0.367 -0.484  2.218
loglik[11]     -0.692  0.112 -1.393
loglik[12]     -0.239  1.148 -1.895
loglik[13]     -0.200  0.780 -1.847
loglik[14]     -0.086  1.191 -3.078
loglik[15]     -0.431 -1.702 -2.418
loglik[16]     -0.451 -0.862 -2.269
loglik[17]     -0.100  1.033 -1.665
loglik[18]     -1.079 -0.880 -1.986
loglik[19]      0.189  0.910 -2.330
loglik[2]       2.539  0.955  2.027
loglik[20]     -0.630  1.898 -1.582
loglik[21]     -0.570  1.806 -1.672
loglik[22]     -2.655  0.430 -1.425
loglik[23]      0.156  1.166  2.760
loglik[24]      0.112 -0.975  2.214
loglik[25]      0.415 -0.088  0.983
loglik[26]     -0.905 -0.603 -2.909
loglik[27]      0.892  0.738  1.525
loglik[28]      0.124  0.843 -3.858
loglik[29]      1.559  1.001  0.680
loglik[3]       1.069  1.440 -1.569
loglik[30]     -0.147 -1.135 -1.726
loglik[31]     -1.334  1.610  2.096
loglik[32]      1.266  0.271  0.807
loglik[33]      0.423 -0.073 -0.635
loglik[34]      1.269  0.352  1.166
loglik[35]     -0.437  1.703 -1.992
loglik[36]      0.810 -1.658 -2.635
loglik[37]     -0.209  1.632 -1.821
loglik[38]      0.347 -0.167 -3.684
loglik[39]      1.537  0.134 -0.719
loglik[4]      -0.568  1.391 -1.824
loglik[40]     -0.101  0.336 -2.638
loglik[41]      0.215  1.854 -2.556
loglik[42]     -0.103  0.448 -2.476
loglik[43]      0.116  0.965 -3.036
loglik[44]      0.520 -1.530 -1.324
loglik[45]     -0.698 -0.269 -1.580
loglik[46]      0.508 -1.796  3.337
loglik[47]     -0.429  2.427 -2.132
loglik[48]      0.421  2.849  2.464
loglik[49]     -0.648 -1.048 -2.539
loglik[5]       1.566  0.167  2.305
loglik[50]     -0.547 -1.257 -2.397
loglik[51]     -0.443  1.250 -2.694
loglik[52]     -0.480  1.491 -2.575
loglik[53]     -0.308  0.313 -2.310
loglik[54]     -0.342  0.026 -1.983
loglik[55]     -0.210 -1.524 -1.880
loglik[56]     -0.321 -0.630 -2.242
loglik[57]      0.368  0.363 -2.874
loglik[58]     -0.077  2.677 -1.686
loglik[59]     -0.346  1.046 -1.822
loglik[6]      -0.363 -0.520 -2.464
loglik[60]     -0.457  0.473 -1.845
loglik[61]     -0.236 -1.587 -3.101
loglik[62]      1.262  1.382  2.860
loglik[63]      1.083  2.363  3.518
loglik[64]      0.486  0.337  2.135
loglik[65]      1.465  1.451  2.651
loglik[66]     -0.499 -0.831 -0.187
loglik[67]     -1.118 -1.334 -2.307
loglik[68]     -0.848 -0.316 -2.460
loglik[69]     -0.360  0.486 -2.439
loglik[7]       0.604 -0.249 -3.337
loglik[70]     -0.767 -1.509 -1.880
loglik[71]     -0.629  0.142 -2.515
loglik[72]     -0.596 -0.639 -1.889
loglik[73]      0.221  0.331 -2.307
loglik[74]      0.201  2.535  2.157
loglik[75]      0.147  0.870 -2.365
loglik[76]      0.589  1.281 -2.384
loglik[77]      2.137  1.934  2.420
loglik[78]     -0.575  0.823 -2.483
loglik[79]     -0.414 -0.638 -2.440
loglik[8]      -0.305  0.923  4.472
loglik[80]     -0.552 -3.026 -1.951
loglik[81]     -0.174 -0.529 -1.500
loglik[82]     -0.240 -0.563 -1.627
loglik[83]     -0.556 -0.385 -2.047
loglik[84]     -0.076  0.000 -0.663
loglik[85]      0.165 -0.649 -3.395
loglik[86]     -0.449  0.710 -1.821
loglik[87]     -0.194  0.585 -2.312
loglik[88]     -0.396 -1.286 -1.140
loglik[89]     -0.170  0.860 -2.019
loglik[9]      -0.240 -0.343 -3.439
loglik[90]     -0.335  0.240 -1.591
loglik[91]     -0.550 -0.682 -1.918
loglik[92]     -0.424 -0.026 -1.643
loglik[93]     -0.229 -0.949 -2.801
loglik[94]     -0.684 -1.460 -0.754
loglik[95]     -0.607 -1.737 -0.001
loglik[96]     -0.741  0.810 -1.901
loglik[97]     -0.430 -0.054 -2.011
loglik[98]      0.275  1.650  2.972
loglik[99]      0.891  0.508  2.298
p.global[1]     1.260  0.777  2.728
p.global[2]     0.314 -1.582  2.090
p.global[3]    -0.372  1.679 -2.063
resid.prop[1]   0.388  1.760  2.492
resid.prop[2]   0.514 -1.475  0.021
