
################################################################################
# Gelman-Rubin Diagnostic
################################################################################

Generally the Gelman diagnostic should be < 1.05


Out of 323 variables: 3 > 1.01

                      
0 > 1.05

                      
0 > 1.1


The worst variables are:

              Point est. Upper C.I.
p.global[2]     1.015273   1.019403
ilr.global[2]   1.013640   1.018181
loglik[167]     1.011413   1.021694
ilr.global[3]   1.008244   1.018509
p.global[1]     1.007989   1.016729
loglik[46]      1.007341   1.017000
loglik[89]      1.006640   1.010427
loglik[3]       1.006587   1.014704
loglik[139]     1.006464   1.018271
p.global[3]     1.006170   1.017815


And here are the Gelman diagnostics for all variables:

               Point est. Upper C.I.
deviance        0.9996823  1.0000669
ilr.fac1[1,1]         NaN        NaN
ilr.fac1[1,2]         NaN        NaN
ilr.fac1[1,3]         NaN        NaN
ilr.fac1[10,1]  1.0015642  1.0055499
ilr.fac1[10,2]  0.9998420  1.0004304
ilr.fac1[10,3]  1.0001408  1.0012749
ilr.fac1[11,1]  1.0002660  1.0022766
ilr.fac1[11,2]  1.0014387  1.0065014
ilr.fac1[11,3]  1.0002781  1.0016042
ilr.fac1[12,1]  1.0011304  1.0033550
ilr.fac1[12,2]  0.9999832  1.0012157
ilr.fac1[12,3]  0.9999356  1.0005201
ilr.fac1[13,1]  1.0001940  1.0018919
ilr.fac1[13,2]  1.0007177  1.0015705
ilr.fac1[13,3]  1.0008553  1.0020350
ilr.fac1[14,1]  1.0009562  1.0032612
ilr.fac1[14,2]  1.0000115  1.0007235
ilr.fac1[14,3]  0.9997859  0.9999043
ilr.fac1[15,1]  1.0002392  1.0004203
ilr.fac1[15,2]  1.0021314  1.0081223
ilr.fac1[15,3]  1.0007436  1.0035919
ilr.fac1[16,1]  1.0003448  1.0025713
ilr.fac1[16,2]  1.0002627  1.0017498
ilr.fac1[16,3]  1.0004831  1.0020447
ilr.fac1[17,1]  1.0001108  1.0013447
ilr.fac1[17,2]  1.0010085  1.0047085
ilr.fac1[17,3]  1.0011938  1.0051227
ilr.fac1[18,1]  0.9999830  1.0009396
ilr.fac1[18,2]  0.9998909  1.0007954
ilr.fac1[18,3]  1.0015026  1.0067592
ilr.fac1[19,1]  1.0006309  1.0029194
ilr.fac1[19,2]  1.0009888  1.0041968
ilr.fac1[19,3]  1.0011872  1.0044056
ilr.fac1[2,1]   1.0023603  1.0072768
ilr.fac1[2,2]   0.9999020  1.0002697
ilr.fac1[2,3]   1.0018662  1.0063269
ilr.fac1[20,1]  0.9997011  1.0000202
ilr.fac1[20,2]  1.0003453  1.0018587
ilr.fac1[20,3]  1.0004599  1.0026204
ilr.fac1[21,1]  0.9998890  1.0005467
ilr.fac1[21,2]  0.9995531  0.9996331
ilr.fac1[21,3]  0.9997523  1.0003083
ilr.fac1[22,1]  1.0009565  1.0045877
ilr.fac1[22,2]  0.9998090  0.9999387
ilr.fac1[22,3]  0.9996652  0.9998590
ilr.fac1[23,1]  1.0002209  1.0020083
ilr.fac1[23,2]  1.0014124  1.0058698
ilr.fac1[23,3]  1.0001719  1.0006355
ilr.fac1[24,1]  1.0000549  1.0012045
ilr.fac1[24,2]  1.0009038  1.0029260
ilr.fac1[24,3]  1.0007309  1.0009798
ilr.fac1[25,1]  0.9998462  1.0006961
ilr.fac1[25,2]  1.0025832  1.0095024
ilr.fac1[25,3]  1.0041801  1.0131223
ilr.fac1[26,1]  0.9997454  1.0001492
ilr.fac1[26,2]  1.0016742  1.0022767
ilr.fac1[26,3]  1.0017430  1.0060912
ilr.fac1[27,1]  1.0007787  1.0041289
ilr.fac1[27,2]  1.0019136  1.0061540
ilr.fac1[27,3]  1.0016076  1.0060345
ilr.fac1[28,1]  1.0005850  1.0006996
ilr.fac1[28,2]  1.0009738  1.0041314
ilr.fac1[28,3]  1.0009644  1.0036185
ilr.fac1[29,1]  1.0001101  1.0006514
ilr.fac1[29,2]  0.9996538  0.9998898
ilr.fac1[29,3]  0.9999927  1.0008128
ilr.fac1[3,1]   0.9999887  1.0002505
ilr.fac1[3,2]   1.0010933  1.0053427
ilr.fac1[3,3]   1.0008822  1.0045434
ilr.fac1[30,1]  1.0005483  1.0032324
ilr.fac1[30,2]  1.0005660  1.0033288
ilr.fac1[30,3]  1.0004593  1.0021328
ilr.fac1[31,1]  0.9996913  1.0000580
ilr.fac1[31,2]  1.0000304  1.0002009
ilr.fac1[31,3]  1.0008829  1.0043346
ilr.fac1[32,1]  1.0011519  1.0032355
ilr.fac1[32,2]  1.0009073  1.0044972
ilr.fac1[32,3]  1.0009088  1.0044969
ilr.fac1[33,1]  1.0004888  1.0011435
ilr.fac1[33,2]  1.0010208  1.0034782
ilr.fac1[33,3]  1.0010018  1.0037006
ilr.fac1[34,1]  1.0012118  1.0046969
ilr.fac1[34,2]  1.0024349  1.0062971
ilr.fac1[34,3]  1.0007739  1.0037133
ilr.fac1[4,1]   0.9998327  1.0000866
ilr.fac1[4,2]   1.0014481  1.0064533
ilr.fac1[4,3]   1.0023167  1.0089164
ilr.fac1[5,1]   0.9999117  1.0009416
ilr.fac1[5,2]   1.0012067  1.0044852
ilr.fac1[5,3]   0.9998622  0.9999934
ilr.fac1[6,1]   1.0001192  1.0003903
ilr.fac1[6,2]   1.0013533  1.0051064
ilr.fac1[6,3]   1.0009813  1.0049101
ilr.fac1[7,1]   1.0007409  1.0028413
ilr.fac1[7,2]   1.0004358  1.0019975
ilr.fac1[7,3]   1.0002600  1.0011111
ilr.fac1[8,1]   1.0003177  1.0011507
ilr.fac1[8,2]   1.0002866  1.0013235
ilr.fac1[8,3]   1.0011008  1.0043788
ilr.fac1[9,1]   1.0002459  1.0012114
ilr.fac1[9,2]   1.0030647  1.0122982
ilr.fac1[9,3]   1.0001732  1.0015860
ilr.fac2[1,1]         NaN        NaN
ilr.fac2[1,2]         NaN        NaN
ilr.fac2[1,3]         NaN        NaN
ilr.fac2[2,1]   0.9995825  0.9995863
ilr.fac2[2,2]   1.0004595  1.0027351
ilr.fac2[2,3]   1.0001371  1.0015032
ilr.fac2[3,1]   1.0016738  1.0068287
ilr.fac2[3,2]   1.0023720  1.0095150
ilr.fac2[3,3]   1.0011828  1.0043532
ilr.global[1]   1.0039200  1.0071140
ilr.global[2]   1.0136402  1.0181806
ilr.global[3]   1.0082443  1.0185092
loglik[1]       0.9999798  1.0001881
loglik[10]      0.9999239  1.0003584
loglik[100]     1.0002065  1.0013432
loglik[101]     1.0011039  1.0018680
loglik[102]     1.0002475  1.0012147
loglik[103]     1.0043208  1.0066788
loglik[104]     1.0008723  1.0027357
loglik[105]     1.0009791  1.0021367
loglik[106]     1.0006660  1.0018600
loglik[107]     0.9998187  0.9999220
loglik[108]     1.0008406  1.0036778
loglik[109]     1.0016069  1.0048688
loglik[11]      0.9999286  1.0003715
loglik[110]     0.9999839  1.0001865
loglik[111]     0.9998711  1.0000392
loglik[112]     1.0018318  1.0060909
loglik[113]     0.9999271  1.0001096
loglik[114]     1.0001148  1.0011306
loglik[115]     1.0001216  1.0011272
loglik[116]     1.0001150  1.0012453
loglik[117]     1.0000587  1.0013417
loglik[118]     1.0000993  1.0011994
loglik[119]     0.9998590  1.0005411
loglik[12]      1.0011143  1.0047610
loglik[120]     1.0028251  1.0107200
loglik[121]     0.9997878  1.0005361
loglik[122]     1.0021289  1.0086461
loglik[123]     1.0011410  1.0047326
loglik[124]     1.0003817  1.0025681
loglik[125]     1.0019982  1.0082005
loglik[126]     1.0005830  1.0020025
loglik[127]     1.0004960  1.0026584
loglik[128]     1.0017239  1.0018868
loglik[129]     1.0011327  1.0022053
loglik[13]      1.0005511  1.0023405
loglik[130]     1.0019423  1.0042208
loglik[131]     1.0010573  1.0029053
loglik[132]     1.0004685  1.0016711
loglik[133]     1.0006938  1.0038186
loglik[134]     1.0024119  1.0061395
loglik[135]     1.0012124  1.0039911
loglik[136]     1.0016359  1.0026689
loglik[137]     1.0004377  1.0008295
loglik[138]     1.0038331  1.0141134
loglik[139]     1.0064643  1.0182711
loglik[14]      1.0011746  1.0035628
loglik[140]     1.0012050  1.0047632
loglik[141]     1.0037904  1.0098646
loglik[142]     1.0014873  1.0040335
loglik[143]     1.0000238  1.0013875
loglik[144]     1.0040342  1.0057735
loglik[145]     1.0048431  1.0073514
loglik[146]     1.0047608  1.0066583
loglik[147]     1.0006355  1.0032926
loglik[148]     1.0006464  1.0034923
loglik[149]     1.0032433  1.0054139
loglik[15]      1.0014897  1.0025668
loglik[150]     1.0006109  1.0015116
loglik[151]     1.0006961  1.0033412
loglik[152]     0.9996520  0.9997667
loglik[153]     1.0000996  1.0015540
loglik[154]     1.0011527  1.0029782
loglik[155]     0.9998651  1.0006756
loglik[156]     1.0005995  1.0035114
loglik[157]     1.0005265  1.0030973
loglik[158]     0.9997832  1.0005224
loglik[159]     1.0004812  1.0011492
loglik[16]      1.0003528  1.0013917
loglik[160]     1.0000325  1.0004717
loglik[161]     0.9999261  1.0000021
loglik[162]     1.0003522  1.0004232
loglik[163]     1.0016002  1.0029935
loglik[164]     1.0001938  1.0018236
loglik[165]     0.9997183  0.9998286
loglik[166]     1.0000470  1.0007327
loglik[167]     1.0114129  1.0216943
loglik[168]     1.0061609  1.0077367
loglik[169]     0.9999549  1.0009255
loglik[17]      1.0012856  1.0023569
loglik[170]     0.9996746  1.0001278
loglik[171]     1.0025847  1.0034161
loglik[172]     0.9997157  0.9999616
loglik[173]     0.9999733  1.0007233
loglik[174]     1.0002208  1.0005964
loglik[175]     1.0000068  1.0009423
loglik[176]     1.0013957  1.0031944
loglik[177]     1.0007515  1.0022817
loglik[178]     1.0003986  1.0023227
loglik[179]     1.0022177  1.0024808
loglik[18]      0.9997195  1.0002033
loglik[180]     1.0012838  1.0014169
loglik[181]     1.0002874  1.0018752
loglik[182]     1.0003738  1.0013287
loglik[183]     1.0001895  1.0019469
loglik[184]     1.0003936  1.0012746
loglik[185]     0.9999437  1.0010255
loglik[186]     1.0010012  1.0041332
loglik[187]     0.9998413  1.0002232
loglik[188]     1.0000278  1.0002855
loglik[189]     0.9998745  1.0002685
loglik[19]      0.9996354  0.9999100
loglik[190]     0.9997154  1.0000664
loglik[191]     1.0008649  1.0023102
loglik[192]     0.9999929  1.0009661
loglik[193]     1.0022633  1.0052238
loglik[194]     1.0027126  1.0038482
loglik[195]     1.0005159  1.0020324
loglik[196]     0.9999475  1.0008432
loglik[197]     1.0011941  1.0011991
loglik[198]     0.9997000  0.9998518
loglik[199]     1.0000736  1.0009466
loglik[2]       0.9999827  1.0002134
loglik[20]      1.0014166  1.0029167
loglik[200]     1.0006874  1.0017638
loglik[201]     1.0005327  1.0008269
loglik[202]     1.0008641  1.0015760
loglik[21]      1.0004114  1.0016379
loglik[22]      1.0007523  1.0019408
loglik[23]      0.9996987  1.0002125
loglik[24]      1.0041041  1.0083587
loglik[25]      1.0006121  1.0016221
loglik[26]      1.0032867  1.0049665
loglik[27]      1.0045791  1.0057767
loglik[28]      0.9999458  1.0007006
loglik[29]      1.0013124  1.0023436
loglik[3]       1.0065873  1.0147038
loglik[30]      1.0002830  1.0022760
loglik[31]      1.0022638  1.0064868
loglik[32]      1.0003871  1.0023316
loglik[33]      1.0007082  1.0010786
loglik[34]      1.0011034  1.0025129
loglik[35]      1.0008170  1.0017870
loglik[36]      0.9999925  1.0012360
loglik[37]      1.0012580  1.0015965
loglik[38]      1.0002824  1.0018442
loglik[39]      1.0003960  1.0027921
loglik[4]       1.0051262  1.0113499
loglik[40]      1.0009005  1.0044754
loglik[41]      1.0041711  1.0111637
loglik[42]      0.9998774  1.0006814
loglik[43]      1.0005479  1.0023621
loglik[44]      1.0003995  1.0022417
loglik[45]      1.0016953  1.0029863
loglik[46]      1.0073408  1.0170002
loglik[47]      1.0035784  1.0102121
loglik[48]      1.0008499  1.0038492
loglik[49]      1.0013269  1.0020972
loglik[5]       1.0003007  1.0016935
loglik[50]      1.0016165  1.0063457
loglik[51]      1.0008707  1.0025382
loglik[52]      1.0005446  1.0016791
loglik[53]      1.0003655  1.0007049
loglik[54]      1.0021682  1.0091455
loglik[55]      1.0010454  1.0041731
loglik[56]      1.0000367  1.0011493
loglik[57]      1.0029244  1.0074676
loglik[58]      0.9996790  1.0001532
loglik[59]      1.0006157  1.0030231
loglik[6]       1.0022918  1.0067259
loglik[60]      1.0000125  1.0000765
loglik[61]      1.0013854  1.0048212
loglik[62]      1.0004640  1.0006206
loglik[63]      0.9999676  1.0007196
loglik[64]      1.0003259  1.0007923
loglik[65]      0.9995381  0.9996098
loglik[66]      0.9998995  0.9999025
loglik[67]      1.0026680  1.0037341
loglik[68]      1.0007403  1.0036590
loglik[69]      1.0002444  1.0004602
loglik[7]       1.0006079  1.0023246
loglik[70]      0.9998126  1.0002279
loglik[71]      0.9998354  0.9998593
loglik[72]      1.0001082  1.0001191
loglik[73]      1.0003119  1.0011010
loglik[74]      1.0001640  1.0004314
loglik[75]      1.0008591  1.0023145
loglik[76]      0.9999313  1.0010499
loglik[77]      0.9995898  0.9997598
loglik[78]      1.0004712  1.0022584
loglik[79]      0.9999762  1.0008337
loglik[8]       1.0005160  1.0005746
loglik[80]      1.0001771  1.0008256
loglik[81]      0.9998331  0.9999160
loglik[82]      0.9998003  1.0002418
loglik[83]      1.0000556  1.0005284
loglik[84]      1.0059120  1.0142208
loglik[85]      1.0008237  1.0014899
loglik[86]      0.9999893  1.0003708
loglik[87]      1.0019891  1.0085124
loglik[88]      1.0015841  1.0056704
loglik[89]      1.0066405  1.0104272
loglik[9]       0.9999026  1.0002754
loglik[90]      1.0022967  1.0040780
loglik[91]      1.0009037  1.0024034
loglik[92]      1.0000643  1.0003991
loglik[93]      1.0024336  1.0042181
loglik[94]      1.0035852  1.0112218
loglik[95]      1.0027214  1.0108759
loglik[96]      1.0021456  1.0062993
loglik[97]      1.0012152  1.0029013
loglik[98]      1.0007376  1.0023641
loglik[99]      1.0010128  1.0020432
p.global[1]     1.0079890  1.0167292
p.global[2]     1.0152725  1.0194035
p.global[3]     1.0061702  1.0178149
p.global[4]     1.0038380  1.0110793
resid.prop[1]   1.0001758  1.0016198
resid.prop[2]   1.0000658  1.0003249

################################################################################
# Geweke Diagnostic
################################################################################

The Geweke diagnostic is a standard z-score, so we'd expect 5% to be outside +/-1.96
Number of variables outside +/-1.96 in each chain (out of 
323
):


       Chain 1 Chain 2 Chain 3
Geweke      23      16      46


And here are the Geweke diagnostics for all variables:

               chain1 chain2 chain3
deviance       -2.121  0.202  2.502
ilr.fac1[10,1] -0.683  0.237  0.971
ilr.fac1[10,2]  0.297 -1.145 -0.241
ilr.fac1[10,3]  0.637  1.570 -1.600
ilr.fac1[11,1]  0.564 -0.793  0.452
ilr.fac1[11,2]  0.573  0.731 -1.798
ilr.fac1[11,3]  0.347  1.299 -1.490
ilr.fac1[12,1] -1.040 -0.129 -0.531
ilr.fac1[12,2]  0.855 -0.060 -0.316
ilr.fac1[12,3]  2.356  0.506  0.203
ilr.fac1[13,1]  1.649 -2.316 -0.690
ilr.fac1[13,2] -0.746  0.989 -0.122
ilr.fac1[13,3] -1.427  1.730 -0.076
ilr.fac1[14,1]  0.935  2.004 -0.237
ilr.fac1[14,2] -1.274 -2.752 -0.338
ilr.fac1[14,3] -0.250  1.790 -0.094
ilr.fac1[15,1] -0.380 -0.993  0.485
ilr.fac1[15,2]  1.404  0.647 -1.581
ilr.fac1[15,3] -0.658  0.507  0.870
ilr.fac1[16,1] -0.017 -1.055  0.201
ilr.fac1[16,2] -1.263  0.223  1.078
ilr.fac1[16,3]  0.978  0.000  1.067
ilr.fac1[17,1] -0.257  0.615  1.095
ilr.fac1[17,2] -0.603 -0.252  0.498
ilr.fac1[17,3] -0.447 -0.213  0.729
ilr.fac1[18,1] -1.624  0.885 -0.122
ilr.fac1[18,2] -0.978  0.399 -1.618
ilr.fac1[18,3]  0.362 -0.404 -0.766
ilr.fac1[19,1] -0.367 -0.125 -0.497
ilr.fac1[19,2]  0.472  1.293 -0.723
ilr.fac1[19,3] -0.263  2.099 -2.005
ilr.fac1[2,1]  -0.354 -1.844  0.026
ilr.fac1[2,2]   2.126 -1.056  1.664
ilr.fac1[2,3]   0.499  1.151 -2.006
ilr.fac1[20,1]  0.693  1.531  0.722
ilr.fac1[20,2]  0.093 -0.551 -0.819
ilr.fac1[20,3] -0.303  0.940 -0.094
ilr.fac1[21,1] -1.213  2.269  0.415
ilr.fac1[21,2]  0.870 -0.397 -0.601
ilr.fac1[21,3]  0.802  2.289 -1.135
ilr.fac1[22,1] -2.153  0.745  0.876
ilr.fac1[22,2]  0.614 -0.810 -1.758
ilr.fac1[22,3]  1.045  1.255 -0.872
ilr.fac1[23,1] -2.065  0.094  1.509
ilr.fac1[23,2] -0.266  0.288  0.667
ilr.fac1[23,3]  0.871  1.073  1.130
ilr.fac1[24,1] -0.040 -0.528 -5.027
ilr.fac1[24,2] -0.327  0.621  0.195
ilr.fac1[24,3] -0.479  1.608 -0.129
ilr.fac1[25,1] -0.542  0.303  0.189
ilr.fac1[25,2]  0.725 -1.093 -1.784
ilr.fac1[25,3] -1.357 -0.607 -2.136
ilr.fac1[26,1] -0.544  1.373 -0.293
ilr.fac1[26,2]  1.684 -0.389  0.138
ilr.fac1[26,3]  1.203  0.396 -1.094
ilr.fac1[27,1] -0.402 -0.091 -1.413
ilr.fac1[27,2]  1.140  1.897  0.814
ilr.fac1[27,3]  0.134 -2.405 -0.792
ilr.fac1[28,1]  1.061  0.000 -0.495
ilr.fac1[28,2] -0.420  0.414 -1.221
ilr.fac1[28,3] -0.192  1.521 -0.923
ilr.fac1[29,1] -0.107  1.708 -0.080
ilr.fac1[29,2]  0.521 -1.189 -0.569
ilr.fac1[29,3]  1.109  0.638  0.583
ilr.fac1[3,1]   0.195  1.552  0.755
ilr.fac1[3,2]  -0.475 -0.490  0.676
ilr.fac1[3,3]  -0.505 -0.638  0.181
ilr.fac1[30,1]  1.066  0.315 -1.269
ilr.fac1[30,2]  0.495 -0.504  0.027
ilr.fac1[30,3] -0.191  1.632  1.061
ilr.fac1[31,1]  0.665  0.589  0.505
ilr.fac1[31,2] -2.279 -1.201 -0.037
ilr.fac1[31,3] -2.336 -0.187 -0.981
ilr.fac1[32,1] -0.612  0.385 -0.819
ilr.fac1[32,2]  0.427 -0.309 -1.037
ilr.fac1[32,3]  0.765  0.408 -0.688
ilr.fac1[33,1]  0.101 -0.108 -4.154
ilr.fac1[33,2]  1.312 -0.440  1.349
ilr.fac1[33,3]  0.192  1.731  0.508
ilr.fac1[34,1] -0.413  0.084 -2.187
ilr.fac1[34,2]  0.828 -0.866  0.431
ilr.fac1[34,3]  0.814  0.837 -0.642
ilr.fac1[4,1]  -0.672  0.374  1.202
ilr.fac1[4,2]   0.341 -0.467 -1.431
ilr.fac1[4,3]  -0.424  2.145 -0.888
ilr.fac1[5,1]  -1.953 -0.212 -0.721
ilr.fac1[5,2]  -0.616 -0.859 -0.019
ilr.fac1[5,3]   1.610 -0.260 -1.545
ilr.fac1[6,1]   1.325  0.145  1.982
ilr.fac1[6,2]  -0.152 -0.712 -1.819
ilr.fac1[6,3]  -0.092  0.160 -1.040
ilr.fac1[7,1]   0.064 -0.279 -0.285
ilr.fac1[7,2]  -0.158 -1.568 -1.539
ilr.fac1[7,3]   1.272  0.500 -2.124
ilr.fac1[8,1]  -0.057  0.185 -2.318
ilr.fac1[8,2]   0.399 -0.959 -0.053
ilr.fac1[8,3]   0.233  1.322 -0.289
ilr.fac1[9,1]   0.762  0.718 -1.645
ilr.fac1[9,2]  -0.763  0.676  1.146
ilr.fac1[9,3]  -0.906 -0.094  0.632
ilr.fac2[2,1]  -0.008  0.201 -0.785
ilr.fac2[2,2]   0.244 -0.446  0.194
ilr.fac2[2,3]   0.471 -0.069  0.120
ilr.fac2[3,1]  -0.984 -1.111  1.458
ilr.fac2[3,2]   1.247  0.336 -1.534
ilr.fac2[3,3]   0.754 -0.168 -0.699
ilr.global[1]   0.644 -0.266  0.540
ilr.global[2]  -1.462  0.458  0.466
ilr.global[3]  -0.626 -0.474  0.639
loglik[1]       0.895 -0.427 -0.271
loglik[10]     -0.330  2.201 -1.119
loglik[100]     0.803  0.018 -1.333
loglik[101]     0.032 -1.194 -0.533
loglik[102]     1.072  1.274 -0.843
loglik[103]     0.621  1.798 -0.533
loglik[104]     1.231  1.308 -2.203
loglik[105]     1.311  2.178 -0.361
loglik[106]     1.728  2.201 -0.980
loglik[107]     0.906 -0.972 -0.999
loglik[108]     1.388 -1.465 -1.183
loglik[109]     1.113 -1.306 -1.179
loglik[11]     -0.336  2.187 -1.118
loglik[110]     0.199 -0.290 -0.849
loglik[111]     0.260 -0.401 -1.456
loglik[112]     1.568 -1.439 -0.472
loglik[113]     0.255 -0.413 -1.529
loglik[114]     0.777 -0.093  0.558
loglik[115]     0.003 -0.370  0.463
loglik[116]     0.231 -0.423  0.529
loglik[117]     0.795 -0.322  0.548
loglik[118]     0.674 -0.197  0.551
loglik[119]     1.157 -0.589 -0.872
loglik[12]      0.218  0.082 -1.121
loglik[120]    -0.704 -0.919 -2.093
loglik[121]     1.346  0.040 -0.944
loglik[122]    -0.610 -0.937 -2.272
loglik[123]     1.551  0.129  0.506
loglik[124]     0.217 -0.453 -2.243
loglik[125]    -0.583 -0.904 -2.289
loglik[126]     0.627 -0.734 -1.483
loglik[127]     1.495 -0.412  0.410
loglik[128]     0.543 -1.279 -1.218
loglik[129]     2.070 -0.757 -2.456
loglik[13]      2.810  1.055 -0.505
loglik[130]     1.223 -0.598 -2.214
loglik[131]     1.121 -0.448 -2.003
loglik[132]    -0.341 -0.061 -2.212
loglik[133]     0.015  0.207 -0.742
loglik[134]    -0.904  0.004 -2.790
loglik[135]     0.191 -0.231 -1.718
loglik[136]     1.432 -0.172  1.670
loglik[137]    -0.928  0.060 -2.803
loglik[138]     0.160  0.488 -1.393
loglik[139]    -0.691  0.113  0.114
loglik[14]      1.954  0.835 -1.576
loglik[140]     0.974  0.340 -2.086
loglik[141]    -0.823  0.866 -0.568
loglik[142]     1.424  0.329 -1.943
loglik[143]     0.993  1.467 -1.684
loglik[144]    -1.333  1.609 -1.088
loglik[145]    -1.502  1.123 -2.253
loglik[146]    -1.298  1.397 -2.200
loglik[147]     1.270 -0.141  0.746
loglik[148]     0.871  0.107  0.793
loglik[149]    -0.294 -0.855 -0.539
loglik[15]      0.505  1.200 -1.287
loglik[150]     1.042  0.939  1.333
loglik[151]    -1.307 -1.789 -1.058
loglik[152]    -0.201 -0.177 -0.237
loglik[153]    -2.146 -1.684 -1.635
loglik[154]    -1.084 -1.516 -1.311
loglik[155]     0.323  0.221 -0.910
loglik[156]     0.310  0.417 -0.336
loglik[157]     2.431  0.852 -0.845
loglik[158]     1.258 -0.025  0.975
loglik[159]     1.208  0.250 -0.550
loglik[16]      0.560  1.079 -0.600
loglik[160]     2.691  0.814 -0.736
loglik[161]     1.315  1.241  0.320
loglik[162]    -1.135 -1.150 -0.468
loglik[163]     0.467 -0.404 -0.082
loglik[164]     1.117  0.054  0.698
loglik[165]     0.976 -0.443 -0.058
loglik[166]     0.018 -1.371 -1.131
loglik[167]     1.462 -1.586  1.371
loglik[168]     0.893  1.622 -0.238
loglik[169]     2.468  0.115  1.235
loglik[17]      0.542  1.202 -1.509
loglik[170]    -0.928 -0.199  1.341
loglik[171]     0.068  1.173 -1.134
loglik[172]     1.002  0.129  0.844
loglik[173]     0.010 -0.324  0.806
loglik[174]     0.674 -1.031 -1.196
loglik[175]     0.143 -0.369  0.636
loglik[176]     1.324 -0.328  1.484
loglik[177]     0.278 -0.227  1.785
loglik[178]     0.909 -0.008  0.427
loglik[179]     2.056 -0.947  0.015
loglik[18]     -0.554  0.390 -0.302
loglik[180]     2.173 -0.793  0.473
loglik[181]     1.119 -1.461 -2.127
loglik[182]     2.513 -1.261 -2.027
loglik[183]    -0.759 -1.080  1.215
loglik[184]     0.372  0.035  0.481
loglik[185]    -0.005  1.330  0.052
loglik[186]     0.746  0.232 -0.578
loglik[187]    -0.619  0.678 -0.364
loglik[188]     1.037 -0.569  0.407
loglik[189]     0.402  0.835 -0.890
loglik[19]     -0.477 -1.662 -0.353
loglik[190]     0.335  0.742 -0.591
loglik[191]     0.886  0.441 -1.724
loglik[192]     0.587  1.026 -0.105
loglik[193]     0.827  1.158 -0.673
loglik[194]     0.871  0.781  0.501
loglik[195]     1.797  0.590 -0.962
loglik[196]     1.684  0.211  0.740
loglik[197]     1.141  0.781  1.366
loglik[198]     1.446 -0.032  0.361
loglik[199]     0.994 -0.278  1.498
loglik[2]       1.076 -0.494 -0.464
loglik[20]      0.843 -1.072  2.165
loglik[200]     0.406  0.917 -0.092
loglik[201]    -0.742 -0.304  1.118
loglik[202]     0.224  0.592 -0.079
loglik[21]      0.910 -0.392  2.102
loglik[22]      0.249 -0.942  2.975
loglik[23]      0.155  0.869 -2.502
loglik[24]      1.897 -1.315 -0.166
loglik[25]      1.183 -0.824  0.909
loglik[26]      2.291 -0.511  1.323
loglik[27]     -0.250 -0.409  0.465
loglik[28]     -1.652 -0.052 -0.266
loglik[29]      0.829  0.036  0.263
loglik[3]      -0.349  1.438 -1.296
loglik[30]     -0.725  0.626  1.407
loglik[31]     -0.997 -0.553  1.193
loglik[32]      0.886  0.185 -1.264
loglik[33]      1.010  0.259 -3.322
loglik[34]      1.264 -0.031  1.107
loglik[35]      1.415  0.211 -3.114
loglik[36]     -0.096  1.151  0.459
loglik[37]      1.461  0.287 -3.049
loglik[38]      0.856  0.534 -0.206
loglik[39]     -1.368 -0.533  2.165
loglik[4]      -0.512  0.917 -0.964
loglik[40]      1.016 -0.136  0.263
loglik[41]      1.309 -0.256  1.642
loglik[42]      1.307  0.169  2.140
loglik[43]     -1.009 -0.353  0.668
loglik[44]     -0.660 -0.058 -0.344
loglik[45]      1.157 -1.247 -3.018
loglik[46]      1.451  0.506  0.495
loglik[47]     -2.068 -0.218  0.246
loglik[48]      0.009  1.308 -0.838
loglik[49]      0.173  2.045 -0.318
loglik[5]       0.128  1.396 -1.157
loglik[50]      0.235 -0.744 -2.606
loglik[51]      0.872 -0.801  0.029
loglik[52]     -0.111  0.804 -0.391
loglik[53]     -0.138  2.460 -0.019
loglik[54]      1.149 -1.367 -1.121
loglik[55]     -0.564 -0.128 -1.397
loglik[56]      1.241 -0.449 -1.516
loglik[57]     -1.098 -0.177 -0.431
loglik[58]      1.153 -1.271  0.219
loglik[59]     -1.318  0.151 -2.230
loglik[6]       0.509  0.549 -0.175
loglik[60]     -1.269  0.987 -0.213
loglik[61]     -0.945 -0.394 -1.853
loglik[62]      0.623  0.761 -1.328
loglik[63]      1.078  0.337 -2.395
loglik[64]      0.538 -0.299 -1.362
loglik[65]     -0.577 -0.039 -0.810
loglik[66]     -1.115 -0.232 -0.216
loglik[67]      1.676 -0.811  0.312
loglik[68]      0.120  0.569 -0.785
loglik[69]      1.823  0.149 -0.331
loglik[7]      -1.773  1.492 -3.273
loglik[70]      0.955 -1.643  0.041
loglik[71]     -0.089  1.029 -0.792
loglik[72]      0.917  0.707 -1.701
loglik[73]      1.344  2.450 -0.332
loglik[74]      0.688  1.054 -1.428
loglik[75]     -0.331  0.475 -2.943
loglik[76]     -0.083 -1.366 -0.432
loglik[77]     -0.945 -1.559  0.584
loglik[78]      0.059  0.435  0.902
loglik[79]     -1.783  0.020  2.046
loglik[8]       1.199  0.944 -0.943
loglik[80]      0.193  0.451 -0.504
loglik[81]     -1.176  0.661  2.109
loglik[82]      0.103 -1.607 -0.892
loglik[83]     -2.411  1.346  0.636
loglik[84]     -0.306 -0.659 -0.476
loglik[85]      0.192  0.536  0.857
loglik[86]      0.987 -1.284  0.758
loglik[87]     -0.550  0.720  0.920
loglik[88]      0.226 -0.237  1.845
loglik[89]      3.760 -1.506 -0.039
loglik[9]      -0.239  2.289 -1.188
loglik[90]      0.496 -1.197 -0.490
loglik[91]      0.681 -0.824  0.886
loglik[92]     -0.530 -0.148 -2.587
loglik[93]      0.767 -0.491  1.530
loglik[94]      2.348 -0.050 -2.690
loglik[95]     -1.264  0.137  0.610
loglik[96]      2.762 -0.179 -0.563
loglik[97]      1.643 -0.854  0.242
loglik[98]      0.318 -0.029 -1.351
loglik[99]     -0.053 -0.668  1.288
p.global[1]    -0.934 -0.513  0.918
p.global[2]    -1.268 -0.697 -0.476
p.global[3]     2.232 -0.911  0.019
p.global[4]    -0.910  1.400 -0.299
resid.prop[1]  -1.405 -0.679  1.705
resid.prop[2]  -0.763  0.624 -2.853
