
################################################################################
# Gelman-Rubin Diagnostic
################################################################################

Generally the Gelman diagnostic should be < 1.05


Out of 473 variables: 154 > 1.01

                      
18 > 1.05

                      
7 > 1.1


The worst variables are:

               Point est. Upper C.I.
loglik[134]      1.153562   1.463800
loglik[135]      1.152513   1.460491
loglik[133]      1.144473   1.438669
loglik[314]      1.141019   1.424986
ilr.fac1[26,3]   1.134572   1.408073
loglik[221]      1.119941   1.372259
loglik[220]      1.105823   1.330660
p.global[4]      1.091783   1.289097
loglik[332]      1.084112   1.268509
ilr.fac1[26,1]   1.081752   1.262656


And here are the Gelman diagnostics for all variables:

               Point est. Upper C.I.
deviance        1.0014458  1.0060887
ilr.fac1[1,1]         NaN        NaN
ilr.fac1[1,2]         NaN        NaN
ilr.fac1[1,3]         NaN        NaN
ilr.fac1[10,1]  1.0017801  1.0077388
ilr.fac1[10,2]  1.0002793  1.0009840
ilr.fac1[10,3]  1.0089914  1.0329467
ilr.fac1[11,1]  1.0029754  1.0109608
ilr.fac1[11,2]  1.0004642  1.0028118
ilr.fac1[11,3]  1.0005156  1.0028937
ilr.fac1[12,1]  1.0060168  1.0230898
ilr.fac1[12,2]  1.0041864  1.0136448
ilr.fac1[12,3]  1.0057783  1.0213038
ilr.fac1[13,1]  1.0030705  1.0074738
ilr.fac1[13,2]  1.0003257  1.0023832
ilr.fac1[13,3]  1.0074915  1.0192218
ilr.fac1[14,1]  1.0011083  1.0013172
ilr.fac1[14,2]  1.0053687  1.0198890
ilr.fac1[14,3]  1.0089088  1.0300026
ilr.fac1[15,1]  1.0002891  1.0011860
ilr.fac1[15,2]  1.0021126  1.0082831
ilr.fac1[15,3]  1.0062998  1.0132392
ilr.fac1[16,1]  0.9995944  0.9996091
ilr.fac1[16,2]  0.9997459  1.0002816
ilr.fac1[16,3]  1.0107066  1.0391755
ilr.fac1[17,1]  1.0004353  1.0020969
ilr.fac1[17,2]  1.0003505  1.0024396
ilr.fac1[17,3]  1.0046945  1.0174252
ilr.fac1[18,1]  1.0031061  1.0112137
ilr.fac1[18,2]  1.0004231  1.0028250
ilr.fac1[18,3]  1.0089891  1.0325159
ilr.fac1[19,1]  1.0008310  1.0036739
ilr.fac1[19,2]  1.0013351  1.0061686
ilr.fac1[19,3]  1.0099766  1.0352396
ilr.fac1[2,1]   1.0004436  1.0019329
ilr.fac1[2,2]   1.0017790  1.0064156
ilr.fac1[2,3]   1.0081988  1.0247117
ilr.fac1[20,1]  1.0030867  1.0121949
ilr.fac1[20,2]  1.0004591  1.0029731
ilr.fac1[20,3]  1.0161319  1.0556568
ilr.fac1[21,1]  1.0001018  1.0015333
ilr.fac1[21,2]  1.0049141  1.0183817
ilr.fac1[21,3]  1.0578972  1.1880726
ilr.fac1[22,1]  1.0001081  1.0012052
ilr.fac1[22,2]  1.0179781  1.0634531
ilr.fac1[22,3]  1.0036192  1.0107760
ilr.fac1[23,1]  1.0001882  1.0003981
ilr.fac1[23,2]  1.0018123  1.0043940
ilr.fac1[23,3]  1.0006954  1.0034532
ilr.fac1[24,1]  1.0034471  1.0135096
ilr.fac1[24,2]  1.0025971  1.0105701
ilr.fac1[24,3]  1.0111796  1.0401667
ilr.fac1[25,1]  1.0125490  1.0395924
ilr.fac1[25,2]  1.0029533  1.0099179
ilr.fac1[25,3]  1.0112966  1.0216644
ilr.fac1[26,1]  1.0817521  1.2626564
ilr.fac1[26,2]  1.0143792  1.0448108
ilr.fac1[26,3]  1.1345718  1.4080733
ilr.fac1[27,1]  1.0023958  1.0096517
ilr.fac1[27,2]  1.0001142  1.0016967
ilr.fac1[27,3]  1.0056951  1.0061141
ilr.fac1[28,1]  1.0020762  1.0086102
ilr.fac1[28,2]  1.0016588  1.0030057
ilr.fac1[28,3]  1.0338975  1.1124702
ilr.fac1[29,1]  1.0030631  1.0122416
ilr.fac1[29,2]  1.0009184  1.0045592
ilr.fac1[29,3]  1.0046127  1.0179969
ilr.fac1[3,1]   1.0007887  1.0033174
ilr.fac1[3,2]   1.0009284  1.0028464
ilr.fac1[3,3]   1.0073368  1.0269968
ilr.fac1[30,1]  1.0032866  1.0121344
ilr.fac1[30,2]  1.0010601  1.0050136
ilr.fac1[30,3]  1.0052146  1.0186280
ilr.fac1[31,1]  1.0050567  1.0190896
ilr.fac1[31,2]  1.0009888  1.0024678
ilr.fac1[31,3]  1.0090689  1.0306975
ilr.fac1[32,1]  1.0098411  1.0353765
ilr.fac1[32,2]  1.0024946  1.0104549
ilr.fac1[32,3]  1.0134896  1.0442540
ilr.fac1[33,1]  1.0099558  1.0370180
ilr.fac1[33,2]  0.9998790  1.0008289
ilr.fac1[33,3]  1.0061234  1.0221209
ilr.fac1[34,1]  1.0038738  1.0151024
ilr.fac1[34,2]  1.0028370  1.0104479
ilr.fac1[34,3]  1.0037639  1.0144632
ilr.fac1[4,1]   1.0027857  1.0094460
ilr.fac1[4,2]   1.0041870  1.0123881
ilr.fac1[4,3]   1.0361665  1.1239197
ilr.fac1[5,1]   1.0001741  1.0016705
ilr.fac1[5,2]   1.0001738  1.0018708
ilr.fac1[5,3]   1.0038159  1.0140459
ilr.fac1[6,1]   1.0065525  1.0242898
ilr.fac1[6,2]   1.0006696  1.0018216
ilr.fac1[6,3]   1.0035677  1.0129808
ilr.fac1[7,1]   1.0040111  1.0154820
ilr.fac1[7,2]   1.0005731  1.0032433
ilr.fac1[7,3]   1.0052766  1.0189555
ilr.fac1[8,1]   1.0047643  1.0178679
ilr.fac1[8,2]   1.0016995  1.0062853
ilr.fac1[8,3]   1.0176857  1.0593854
ilr.fac1[9,1]   1.0019837  1.0084459
ilr.fac1[9,2]   1.0034206  1.0112951
ilr.fac1[9,3]   1.0174237  1.0599793
ilr.fac2[1,1]         NaN        NaN
ilr.fac2[1,2]         NaN        NaN
ilr.fac2[1,3]         NaN        NaN
ilr.fac2[2,1]   1.0012186  1.0056772
ilr.fac2[2,2]   1.0012086  1.0053514
ilr.fac2[2,3]   1.0034353  1.0137366
ilr.fac2[3,1]   0.9999313  1.0009029
ilr.fac2[3,2]   1.0039886  1.0156968
ilr.fac2[3,3]   1.0161050  1.0571328
ilr.global[1]   1.0123726  1.0428795
ilr.global[2]   1.0018683  1.0077292
ilr.global[3]   1.0718363  1.2328616
loglik[1]       1.0095182  1.0342742
loglik[10]      1.0223026  1.0665427
loglik[100]     1.0210627  1.0536423
loglik[101]     1.0003532  1.0007884
loglik[102]     1.0106339  1.0252024
loglik[103]     1.0109146  1.0395548
loglik[104]     1.0099155  1.0356760
loglik[105]     1.0392027  1.1197542
loglik[106]     1.0085271  1.0255049
loglik[107]     1.0070866  1.0179630
loglik[108]     1.0122520  1.0361224
loglik[109]     1.0081888  1.0207765
loglik[11]      1.0222151  1.0660696
loglik[110]     1.0033050  1.0057375
loglik[111]     1.0269957  1.0921626
loglik[112]     1.0163705  1.0240242
loglik[113]     1.0011468  1.0052527
loglik[114]     1.0007942  1.0035041
loglik[115]     1.0038213  1.0145830
loglik[116]     1.0099228  1.0362474
loglik[117]     0.9997246  0.9997323
loglik[118]     1.0079541  1.0294736
loglik[119]     1.0140383  1.0205434
loglik[12]      1.0130442  1.0478282
loglik[120]     1.0477483  1.1595898
loglik[121]     1.0120317  1.0415955
loglik[122]     1.0029815  1.0119681
loglik[123]     1.0001745  1.0017275
loglik[124]     1.0000610  1.0002450
loglik[125]     1.0060831  1.0233535
loglik[126]     1.0014109  1.0038945
loglik[127]     1.0054053  1.0201504
loglik[128]     1.0000128  1.0003443
loglik[129]     1.0040592  1.0159242
loglik[13]      1.0040094  1.0053314
loglik[130]     1.0242956  1.0848892
loglik[131]     1.0049457  1.0182302
loglik[132]     0.9998099  0.9998446
loglik[133]     1.1444729  1.4386685
loglik[134]     1.1535620  1.4637998
loglik[135]     1.1525130  1.4604913
loglik[136]     1.0128350  1.0456504
loglik[137]     1.0071035  1.0240334
loglik[138]     1.0039338  1.0118217
loglik[139]     1.0014827  1.0047708
loglik[14]      1.0136522  1.0495185
loglik[140]     1.0012620  1.0059152
loglik[141]     1.0074832  1.0223624
loglik[142]     1.0012977  1.0060948
loglik[143]     1.0214705  1.0759261
loglik[144]     1.0103157  1.0378766
loglik[145]     1.0113952  1.0415950
loglik[146]     1.0166698  1.0583206
loglik[147]     1.0187381  1.0666995
loglik[148]     1.0024592  1.0094004
loglik[149]     1.0014166  1.0054108
loglik[15]      1.0075701  1.0086879
loglik[150]     1.0051191  1.0160329
loglik[151]     1.0014069  1.0058351
loglik[152]     1.0035338  1.0113991
loglik[153]     1.0037519  1.0141194
loglik[154]     1.0014798  1.0061448
loglik[155]     1.0021787  1.0085126
loglik[156]     0.9998603  0.9999869
loglik[157]     1.0020946  1.0084582
loglik[158]     1.0027147  1.0040274
loglik[159]     1.0002187  1.0021104
loglik[16]      1.0048198  1.0101113
loglik[160]     1.0026214  1.0097483
loglik[161]     1.0029584  1.0066131
loglik[162]     1.0032656  1.0083641
loglik[163]     1.0076366  1.0242196
loglik[164]     1.0033284  1.0131378
loglik[165]     1.0076427  1.0241907
loglik[166]     1.0068967  1.0214590
loglik[167]     0.9998917  1.0000571
loglik[168]     1.0091701  1.0301818
loglik[169]     1.0008187  1.0019759
loglik[17]      1.0078817  1.0111142
loglik[170]     1.0053152  1.0197302
loglik[171]     1.0015146  1.0067990
loglik[172]     1.0030133  1.0109638
loglik[173]     1.0041741  1.0128332
loglik[174]     1.0047640  1.0171429
loglik[175]     1.0238620  1.0842901
loglik[176]     1.0006716  1.0019604
loglik[177]     1.0041155  1.0148289
loglik[178]     1.0064736  1.0233130
loglik[179]     1.0124518  1.0455552
loglik[18]      1.0016303  1.0017085
loglik[180]     1.0126572  1.0463630
loglik[181]     1.0215445  1.0766169
loglik[182]     1.0066398  1.0178345
loglik[183]     1.0085188  1.0301346
loglik[184]     1.0026750  1.0030144
loglik[185]     1.0032322  1.0038506
loglik[186]     1.0114338  1.0413261
loglik[187]     1.0025507  1.0091813
loglik[188]     1.0010374  1.0045012
loglik[189]     1.0013081  1.0048813
loglik[19]      1.0057159  1.0202131
loglik[190]     1.0010992  1.0031374
loglik[191]     1.0065811  1.0234690
loglik[192]     1.0045388  1.0168889
loglik[193]     1.0025689  1.0106940
loglik[194]     1.0010925  1.0013055
loglik[195]     1.0116725  1.0389118
loglik[196]     1.0133613  1.0476477
loglik[197]     1.0072995  1.0264906
loglik[198]     1.0061710  1.0235003
loglik[199]     1.0196850  1.0416898
loglik[2]       1.0177368  1.0607231
loglik[20]      1.0176788  1.0429820
loglik[200]     1.0076770  1.0280470
loglik[201]     1.0188339  1.0595410
loglik[202]     1.0099618  1.0350369
loglik[203]     1.0046699  1.0114985
loglik[204]     1.0203475  1.0699739
loglik[205]     1.0096749  1.0330685
loglik[206]     1.0444972  1.1499006
loglik[207]     1.0006301  1.0006943
loglik[208]     1.0770855  1.2490761
loglik[209]     1.0009220  1.0009992
loglik[21]      1.0123172  1.0429149
loglik[210]     1.0053129  1.0175769
loglik[211]     1.0070559  1.0267033
loglik[212]     1.0030357  1.0042978
loglik[213]     1.0137234  1.0496460
loglik[214]     1.0133733  1.0478319
loglik[215]     1.0192272  1.0681178
loglik[216]     1.0167636  1.0549934
loglik[217]     1.0132280  1.0373086
loglik[218]     1.0299322  1.1009738
loglik[219]     1.0139746  1.0504312
loglik[22]      1.0027074  1.0067541
loglik[220]     1.1058232  1.3306597
loglik[221]     1.1199406  1.3722589
loglik[222]     1.0378279  1.1291660
loglik[223]     1.0348287  1.1197374
loglik[224]     1.0139870  1.0498097
loglik[225]     1.0014614  1.0056128
loglik[226]     1.0036704  1.0088886
loglik[227]     1.0007797  1.0014858
loglik[228]     1.0049786  1.0176711
loglik[229]     1.0224051  1.0776285
loglik[23]      1.0041268  1.0078303
loglik[230]     1.0102573  1.0366309
loglik[231]     1.0377424  1.1281416
loglik[232]     1.0022080  1.0088845
loglik[233]     1.0111603  1.0393695
loglik[234]     1.0176180  1.0629423
loglik[235]     1.0148789  1.0536556
loglik[236]     1.0130150  1.0469567
loglik[237]     1.0075630  1.0230613
loglik[238]     1.0010082  1.0049451
loglik[239]     1.0269096  1.0913044
loglik[24]      1.0005243  1.0029138
loglik[240]     1.0070928  1.0258239
loglik[241]     1.0259302  1.0900203
loglik[242]     1.0143779  1.0511942
loglik[243]     1.0212789  1.0740236
loglik[244]     1.0074460  1.0272919
loglik[245]     1.0061718  1.0231221
loglik[246]     1.0526703  1.1755673
loglik[247]     1.0366151  1.1251761
loglik[248]     1.0054695  1.0163720
loglik[249]     1.0630990  1.2069238
loglik[25]      1.0030659  1.0099302
loglik[250]     1.0009201  1.0020154
loglik[251]     1.0201360  1.0699491
loglik[252]     1.0088804  1.0302829
loglik[253]     1.0032227  1.0054635
loglik[254]     1.0054118  1.0178077
loglik[255]     1.0171152  1.0411701
loglik[256]     1.0094278  1.0207909
loglik[257]     1.0450842  1.1506954
loglik[258]     1.0640703  1.1999278
loglik[259]     1.0022066  1.0039295
loglik[26]      1.0113664  1.0415317
loglik[260]     1.0014233  1.0059513
loglik[261]     1.0415845  1.1308235
loglik[262]     1.0037312  1.0140232
loglik[263]     1.0072150  1.0260808
loglik[264]     1.0138936  1.0499435
loglik[265]     1.0156080  1.0559398
loglik[266]     1.0121577  1.0428070
loglik[267]     1.0008571  1.0034356
loglik[268]     1.0098553  1.0359283
loglik[269]     1.0048773  1.0181375
loglik[27]      1.0120703  1.0438519
loglik[270]     1.0139343  1.0483558
loglik[271]     1.0273198  1.0957210
loglik[272]     1.0071306  1.0110172
loglik[273]     1.0094921  1.0173579
loglik[274]     1.0355076  1.1221505
loglik[275]     1.0283270  1.0715726
loglik[276]     1.0081131  1.0297274
loglik[277]     1.0021832  1.0043631
loglik[278]     1.0035807  1.0134360
loglik[279]     1.0066369  1.0252663
loglik[28]      1.0051042  1.0197369
loglik[280]     1.0089737  1.0237233
loglik[281]     1.0055230  1.0211728
loglik[282]     1.0020983  1.0068755
loglik[283]     1.0114255  1.0390062
loglik[284]     1.0120467  1.0358379
loglik[285]     1.0016669  1.0046267
loglik[286]     1.0139673  1.0424538
loglik[287]     1.0012527  1.0057064
loglik[288]     1.0026515  1.0098718
loglik[289]     1.0003368  1.0017056
loglik[29]      1.0005155  1.0021314
loglik[290]     1.0013670  1.0035720
loglik[291]     1.0016900  1.0028470
loglik[292]     1.0002137  1.0013766
loglik[293]     1.0162230  1.0556281
loglik[294]     1.0075226  1.0156220
loglik[295]     1.0174098  1.0615060
loglik[296]     1.0141393  1.0296459
loglik[297]     1.0033883  1.0038611
loglik[298]     1.0224807  1.0794270
loglik[299]     1.0061311  1.0228078
loglik[3]       1.0020651  1.0058541
loglik[30]      1.0119477  1.0429724
loglik[300]     1.0409417  1.1304756
loglik[301]     1.0238113  1.0451385
loglik[302]     1.0282730  1.0611579
loglik[303]     1.0147537  1.0411781
loglik[304]     1.0179519  1.0521268
loglik[305]     1.0244149  1.0739092
loglik[306]     1.0129326  1.0292395
loglik[307]     1.0094544  1.0200973
loglik[308]     1.0038934  1.0130864
loglik[309]     1.0004904  1.0027540
loglik[31]      1.0271697  1.0931094
loglik[310]     1.0065256  1.0232914
loglik[311]     1.0089200  1.0230121
loglik[312]     1.0062667  1.0216978
loglik[313]     1.0046407  1.0067214
loglik[314]     1.1410192  1.4249857
loglik[315]     1.0107681  1.0394377
loglik[316]     1.0020573  1.0082715
loglik[317]     1.0074552  1.0252196
loglik[318]     1.0005462  1.0018377
loglik[319]     1.0103016  1.0167955
loglik[32]      1.0463034  1.1556470
loglik[320]     1.0111012  1.0145178
loglik[321]     1.0032484  1.0100940
loglik[322]     1.0005047  1.0013788
loglik[323]     1.0188505  1.0442223
loglik[324]     1.0051174  1.0057195
loglik[325]     1.0037269  1.0078721
loglik[326]     1.0311686  1.1021072
loglik[327]     1.0042927  1.0084917
loglik[328]     1.0012050  1.0032387
loglik[329]     1.0408435  1.1368375
loglik[33]      1.0012386  1.0057993
loglik[330]     1.0084535  1.0181247
loglik[331]     1.0357921  1.1195447
loglik[332]     1.0841116  1.2685091
loglik[333]     1.0024281  1.0056412
loglik[334]     1.0019079  1.0038393
loglik[335]     1.0041286  1.0047802
loglik[336]     1.0230281  1.0816230
loglik[337]     1.0059797  1.0210979
loglik[338]     1.0027150  1.0074749
loglik[339]     1.0015702  1.0047885
loglik[34]      1.0020645  1.0025445
loglik[340]     1.0087578  1.0287046
loglik[341]     1.0130155  1.0465044
loglik[342]     0.9997908  1.0002467
loglik[343]     1.0063574  1.0239526
loglik[344]     1.0107413  1.0391005
loglik[345]     1.0025505  1.0027282
loglik[346]     1.0171726  1.0615745
loglik[347]     1.0283558  1.0989710
loglik[348]     1.0016889  1.0062948
loglik[349]     1.0012447  1.0049695
loglik[35]      1.0016798  1.0072924
loglik[350]     1.0226771  1.0796898
loglik[351]     1.0142049  1.0486549
loglik[352]     1.0180152  1.0646836
loglik[36]      1.0070279  1.0114525
loglik[37]      1.0018324  1.0078576
loglik[38]      1.0232284  1.0820340
loglik[39]      1.0011557  1.0023135
loglik[4]       1.0012080  1.0042594
loglik[40]      1.0281329  1.0932945
loglik[41]      1.0015946  1.0063610
loglik[42]      1.0236249  1.0835577
loglik[43]      1.0057304  1.0205118
loglik[44]      1.0075745  1.0267493
loglik[45]      1.0289131  1.1009957
loglik[46]      1.0038461  1.0139056
loglik[47]      1.0157332  1.0565941
loglik[48]      1.0012011  1.0047670
loglik[49]      1.0378372  1.1255220
loglik[5]       1.0006195  1.0006588
loglik[50]      1.0147613  1.0534340
loglik[51]      1.0440137  1.1488277
loglik[52]      1.0320978  1.1099419
loglik[53]      1.0429728  1.1453240
loglik[54]      1.0102587  1.0381006
loglik[55]      1.0120430  1.0443348
loglik[56]      1.0025439  1.0041908
loglik[57]      1.0042379  1.0077832
loglik[58]      1.0028806  1.0080386
loglik[59]      1.0401425  1.1300443
loglik[6]       1.0019146  1.0035902
loglik[60]      1.0023212  1.0025286
loglik[61]      1.0025566  1.0089339
loglik[62]      1.0007774  1.0029940
loglik[63]      1.0114849  1.0419990
loglik[64]      1.0058636  1.0139363
loglik[65]      1.0007849  1.0034916
loglik[66]      1.0031472  1.0127926
loglik[67]      1.0013551  1.0018315
loglik[68]      1.0013312  1.0051761
loglik[69]      1.0011760  1.0020176
loglik[7]       1.0050163  1.0144379
loglik[70]      1.0010213  1.0018910
loglik[71]      1.0012772  1.0056750
loglik[72]      1.0046313  1.0179344
loglik[73]      1.0052423  1.0183870
loglik[74]      1.0059538  1.0221826
loglik[75]      1.0035260  1.0119698
loglik[76]      1.0055286  1.0180424
loglik[77]      1.0027856  1.0099434
loglik[78]      1.0046008  1.0166293
loglik[79]      1.0063776  1.0235174
loglik[8]       1.0017751  1.0033463
loglik[80]      1.0072884  1.0251190
loglik[81]      1.0115763  1.0418795
loglik[82]      1.0044054  1.0155635
loglik[83]      1.0123223  1.0439719
loglik[84]      1.0045442  1.0058471
loglik[85]      1.0020099  1.0082755
loglik[86]      1.0007360  1.0016389
loglik[87]      1.0084961  1.0197054
loglik[88]      1.0153603  1.0435616
loglik[89]      0.9997658  1.0000733
loglik[9]       1.0254274  1.0789125
loglik[90]      1.0021621  1.0080954
loglik[91]      1.0012010  1.0046016
loglik[92]      1.0002382  1.0015363
loglik[93]      1.0011209  1.0045121
loglik[94]      1.0028912  1.0089259
loglik[95]      1.0014213  1.0054243
loglik[96]      1.0037829  1.0079250
loglik[97]      1.0035300  1.0037048
loglik[98]      1.0035515  1.0135778
loglik[99]      1.0043263  1.0147406
p.global[1]     1.0278613  1.0790553
p.global[2]     1.0064956  1.0067690
p.global[3]     1.0611812  1.1963857
p.global[4]     1.0917826  1.2890966
resid.prop[1]   1.0664472  1.2159736
resid.prop[2]   1.0326381  1.1111787

################################################################################
# Geweke Diagnostic
################################################################################

The Geweke diagnostic is a standard z-score, so we'd expect 5% to be outside +/-1.96
Number of variables outside +/-1.96 in each chain (out of 
473
):


       Chain 1 Chain 2 Chain 3
Geweke     131      35      39


And here are the Geweke diagnostics for all variables:

               chain1 chain2 chain3
deviance       -2.041 -0.087  0.232
ilr.fac1[10,1]  1.211  1.128  1.260
ilr.fac1[10,2]  1.034  0.029 -0.387
ilr.fac1[10,3]  2.024  1.622 -1.313
ilr.fac1[11,1]  0.280  1.395 -0.267
ilr.fac1[11,2]  1.042 -1.384  0.937
ilr.fac1[11,3] -1.430 -0.149  0.098
ilr.fac1[12,1]  2.951  2.077 -1.003
ilr.fac1[12,2] -0.813 -0.295  0.110
ilr.fac1[12,3]  0.833  0.561 -2.120
ilr.fac1[13,1] -0.465 -0.167  0.686
ilr.fac1[13,2]  0.382  0.009  0.487
ilr.fac1[13,3] -0.483 -0.454 -0.546
ilr.fac1[14,1]  0.008  1.838  0.011
ilr.fac1[14,2] -2.749 -0.602  0.491
ilr.fac1[14,3]  1.693  0.390 -0.227
ilr.fac1[15,1]  0.415  0.142 -0.549
ilr.fac1[15,2]  1.105  0.175 -1.342
ilr.fac1[15,3]  2.002  0.784 -0.851
ilr.fac1[16,1]  0.485  0.357  1.223
ilr.fac1[16,2] -0.167 -1.360 -0.775
ilr.fac1[16,3]  1.060 -0.380 -1.327
ilr.fac1[17,1]  1.044  0.941  1.127
ilr.fac1[17,2]  0.864 -0.705 -0.656
ilr.fac1[17,3]  1.984  0.631 -1.392
ilr.fac1[18,1]  1.086  0.175  0.470
ilr.fac1[18,2]  0.554 -1.529 -0.734
ilr.fac1[18,3]  1.854 -0.836 -0.673
ilr.fac1[19,1]  1.587  1.526  0.339
ilr.fac1[19,2]  0.788 -0.942 -2.281
ilr.fac1[19,3]  1.787  0.956 -2.111
ilr.fac1[2,1]   2.072  0.416  0.162
ilr.fac1[2,2]  -1.006 -1.772 -2.065
ilr.fac1[2,3]   1.866  0.178 -1.516
ilr.fac1[20,1]  1.676 -0.413 -1.740
ilr.fac1[20,2]  1.398  2.208  0.835
ilr.fac1[20,3]  1.909  3.469 -0.372
ilr.fac1[21,1]  1.851  1.590  2.887
ilr.fac1[21,2]  0.719  0.922 -1.492
ilr.fac1[21,3]  2.608  1.751 -1.206
ilr.fac1[22,1]  1.165 -0.030  0.869
ilr.fac1[22,2]  2.199  1.138 -1.207
ilr.fac1[22,3] -1.658  0.470  0.438
ilr.fac1[23,1] -0.565  0.636 -0.816
ilr.fac1[23,2]  0.218 -0.069  0.546
ilr.fac1[23,3] -1.337  0.177  0.338
ilr.fac1[24,1]  1.051  0.946 -0.332
ilr.fac1[24,2]  0.618  1.788 -0.504
ilr.fac1[24,3]  0.689  0.757 -1.619
ilr.fac1[25,1] -2.837 -1.186  1.059
ilr.fac1[25,2] -0.862 -1.693  1.040
ilr.fac1[25,3] -3.333 -1.024  0.886
ilr.fac1[26,1] -2.660 -0.563  0.769
ilr.fac1[26,2] -0.845 -1.067  1.363
ilr.fac1[26,3] -2.744 -0.627  1.016
ilr.fac1[27,1]  0.514 -2.151  1.216
ilr.fac1[27,2] -1.287 -0.012  0.597
ilr.fac1[27,3]  0.061 -1.750  1.182
ilr.fac1[28,1]  0.942  1.243 -1.042
ilr.fac1[28,2]  1.350 -0.300  1.019
ilr.fac1[28,3]  2.782  0.427 -0.441
ilr.fac1[29,1]  0.141  0.071 -0.432
ilr.fac1[29,2]  0.122  1.116 -1.994
ilr.fac1[29,3]  3.327  1.485 -2.508
ilr.fac1[3,1]  -0.348 -0.166  2.579
ilr.fac1[3,2]  -0.602 -2.960  0.026
ilr.fac1[3,3]  -0.914 -0.658  0.233
ilr.fac1[30,1]  2.696  0.975 -0.749
ilr.fac1[30,2]  0.291  0.719 -0.239
ilr.fac1[30,3]  2.141  1.929 -2.270
ilr.fac1[31,1]  0.840  0.601 -0.579
ilr.fac1[31,2] -0.286 -0.096  0.139
ilr.fac1[31,3]  1.418  1.396 -1.216
ilr.fac1[32,1]  2.492  1.007 -1.556
ilr.fac1[32,2]  0.865  0.688 -1.246
ilr.fac1[32,3]  2.150  0.727 -1.116
ilr.fac1[33,1]  1.502  1.375 -0.221
ilr.fac1[33,2]  2.386 -0.179 -0.222
ilr.fac1[33,3]  2.768  0.650 -2.005
ilr.fac1[34,1]  1.640  2.714 -0.890
ilr.fac1[34,2]  1.582  0.313  0.184
ilr.fac1[34,3]  2.365  1.409 -1.391
ilr.fac1[4,1]   2.429  2.637  0.213
ilr.fac1[4,2]   0.859  1.488 -2.278
ilr.fac1[4,3]   2.527  1.346 -1.732
ilr.fac1[5,1]   0.152  0.409  0.032
ilr.fac1[5,2]  -0.418  0.080  0.820
ilr.fac1[5,3]   3.991  1.154 -1.381
ilr.fac1[6,1]   0.879  2.076 -1.802
ilr.fac1[6,2]  -0.097  0.483  0.101
ilr.fac1[6,3]   0.832 -0.020 -2.041
ilr.fac1[7,1]   0.161  2.209 -1.385
ilr.fac1[7,2]   1.655 -0.935 -0.164
ilr.fac1[7,3]   3.117  0.472 -1.366
ilr.fac1[8,1]   1.078  2.397 -1.894
ilr.fac1[8,2]   0.382 -0.964 -0.369
ilr.fac1[8,3]   2.368  1.602 -2.008
ilr.fac1[9,1]   2.026 -0.279 -0.237
ilr.fac1[9,2]  -0.150  0.518 -0.610
ilr.fac1[9,3]   1.377  0.040 -3.102
ilr.fac2[2,1]   0.431  1.555 -1.254
ilr.fac2[2,2]  -1.797 -1.230 -1.390
ilr.fac2[2,3]  -0.481 -1.094 -2.820
ilr.fac2[3,1]   0.194  1.259  1.048
ilr.fac2[3,2]  -0.222 -2.067  0.311
ilr.fac2[3,3]  -0.979 -0.861  1.269
ilr.global[1]  -0.706 -2.798 -0.472
ilr.global[2]  -0.789  2.224  0.718
ilr.global[3]  -2.178  0.355  0.742
loglik[1]      -2.224  0.117  0.846
loglik[10]      1.624  0.425 -0.394
loglik[100]     3.037  1.148 -1.466
loglik[101]     0.115 -0.493  1.698
loglik[102]     1.314  1.068 -1.520
loglik[103]     2.133  1.415 -2.427
loglik[104]     1.264 -0.129 -0.831
loglik[105]    -2.055 -0.772  1.790
loglik[106]    -1.327 -0.400 -0.855
loglik[107]     1.016 -1.463 -1.496
loglik[108]    -1.488 -1.400 -0.562
loglik[109]     0.557  0.730  0.106
loglik[11]      1.607  0.418 -0.386
loglik[110]     0.486  1.110 -1.338
loglik[111]     3.072  1.073 -2.199
loglik[112]    -0.821 -0.431 -0.829
loglik[113]     1.511  0.892  0.193
loglik[114]     0.075  0.154  0.787
loglik[115]     0.972 -0.379 -1.870
loglik[116]     1.134 -0.687 -0.823
loglik[117]     0.772 -1.039  0.968
loglik[118]    -2.074 -0.241  0.993
loglik[119]    -1.369 -2.396 -0.212
loglik[12]      1.905  1.321 -0.418
loglik[120]     1.803  0.803 -0.478
loglik[121]     1.256 -0.719 -0.479
loglik[122]     1.626  2.336 -1.643
loglik[123]     0.108  1.048  1.167
loglik[124]     0.943 -0.113 -1.312
loglik[125]     1.848  1.346 -1.135
loglik[126]    -1.434  0.153  1.287
loglik[127]     0.994  1.805 -1.932
loglik[128]     2.149  1.765 -0.396
loglik[129]     1.233  1.362 -1.865
loglik[13]      1.661 -0.170 -1.393
loglik[130]     2.453  1.538 -1.858
loglik[131]     0.552  0.221 -2.051
loglik[132]    -0.694 -0.775 -0.780
loglik[133]    -2.665 -0.682  0.752
loglik[134]    -3.082 -0.630  0.749
loglik[135]    -2.843 -0.628  0.743
loglik[136]    -3.371 -1.075  0.223
loglik[137]    -1.767 -0.852 -0.461
loglik[138]    -1.107 -0.813 -0.907
loglik[139]    -0.920 -0.821 -1.043
loglik[14]      1.913  1.319 -1.122
loglik[140]    -1.704 -0.920 -0.996
loglik[141]    -0.577 -0.609 -0.042
loglik[142]    -1.788 -0.930 -0.983
loglik[143]    -1.739 -1.447  1.369
loglik[144]    -0.953 -1.129  2.380
loglik[145]    -1.169 -1.140  2.406
loglik[146]    -2.073 -0.678  1.153
loglik[147]    -1.655 -0.976  1.371
loglik[148]    -1.686 -0.394 -0.612
loglik[149]    -1.366  0.658 -0.959
loglik[15]      0.200  1.129 -0.545
loglik[150]    -2.601 -1.232 -0.602
loglik[151]    -1.685  0.442 -0.855
loglik[152]    -1.578 -1.062 -0.810
loglik[153]    -2.595 -0.863 -0.318
loglik[154]    -1.757  0.373 -0.823
loglik[155]    -1.719 -0.122 -0.882
loglik[156]     0.817 -1.022  0.038
loglik[157]    -1.480 -0.930 -0.125
loglik[158]     0.497  1.292 -1.492
loglik[159]    -0.157  0.746  0.702
loglik[16]      1.218  1.201  0.000
loglik[160]     0.593  1.548 -1.125
loglik[161]     0.492  1.338 -1.250
loglik[162]     0.759  1.508 -1.244
loglik[163]     1.633 -0.553  0.040
loglik[164]     2.370 -0.974 -1.196
loglik[165]     1.341 -0.123  1.054
loglik[166]     1.035 -0.485  0.454
loglik[167]    -2.067  0.308  2.279
loglik[168]     2.315 -0.313  0.000
loglik[169]     0.458  0.094 -0.116
loglik[17]      0.611  1.535 -0.602
loglik[170]     1.257 -0.002 -1.074
loglik[171]     0.013 -0.208 -0.127
loglik[172]     2.047  0.506 -1.322
loglik[173]     0.307 -0.014 -0.474
loglik[174]     2.058  0.150 -1.413
loglik[175]     2.486  0.982 -0.072
loglik[176]    -2.064 -1.044 -0.909
loglik[177]    -1.204 -0.567 -0.978
loglik[178]    -0.631 -0.427 -1.017
loglik[179]     4.270  1.913  0.316
loglik[18]      0.817 -0.807  0.582
loglik[180]     4.212  2.011  0.246
loglik[181]     2.449 -0.058  0.308
loglik[182]     2.682 -0.052 -0.426
loglik[183]     0.748 -0.761  1.052
loglik[184]    -1.508 -1.147  1.350
loglik[185]    -1.589 -1.188  1.550
loglik[186]     1.327 -0.535  0.873
loglik[187]     1.238 -0.135 -1.444
loglik[188]    -0.313  1.744  0.877
loglik[189]     0.299  1.253  0.720
loglik[19]      0.574 -1.110 -0.531
loglik[190]     0.964 -0.113  0.880
loglik[191]     1.733 -0.538 -1.412
loglik[192]     1.393  0.502 -0.034
loglik[193]     0.467  0.499 -1.363
loglik[194]     0.663  1.586  1.033
loglik[195]     0.176  1.764 -0.539
loglik[196]     1.333  0.143 -0.180
loglik[197]     0.980 -0.510 -0.542
loglik[198]     1.079  1.148  0.043
loglik[199]     0.315 -1.091 -0.785
loglik[2]      -2.334  0.035  1.009
loglik[20]      1.884  0.296  0.143
loglik[200]     1.458 -0.491  0.781
loglik[201]     2.479 -0.253 -0.574
loglik[202]     1.163  1.026  0.237
loglik[203]    -0.043 -0.415  0.273
loglik[204]    -1.826 -0.438  1.021
loglik[205]     1.679  1.035 -0.032
loglik[206]    -1.936 -1.989  0.665
loglik[207]     0.466  0.371 -0.365
loglik[208]    -2.416 -1.064  1.281
loglik[209]     0.481  0.377 -0.410
loglik[21]      1.155 -0.493 -0.884
loglik[210]    -0.938  1.551  0.175
loglik[211]    -0.549  2.713  0.450
loglik[212]     0.711 -1.048 -2.383
loglik[213]     0.897  0.204 -0.156
loglik[214]     1.432 -0.196 -0.948
loglik[215]     1.608  0.211 -0.985
loglik[216]     1.707  0.628 -2.846
loglik[217]     1.373  0.308 -2.515
loglik[218]     2.163  0.734 -2.487
loglik[219]     1.388 -0.098 -0.701
loglik[22]      0.385 -0.266  0.185
loglik[220]    -3.138 -0.915  1.086
loglik[221]    -2.874 -0.772  1.137
loglik[222]     2.705  0.646 -1.593
loglik[223]     3.038  0.906 -1.363
loglik[224]     2.171  0.820 -0.999
loglik[225]    -2.007  0.171  0.638
loglik[226]     0.969 -1.076  0.441
loglik[227]    -0.595  0.435  0.894
loglik[228]     1.010 -1.234 -0.873
loglik[229]     1.979  0.274 -1.025
loglik[23]     -0.529 -0.085  0.493
loglik[230]     0.963 -0.146 -0.941
loglik[231]     2.299  0.606 -0.965
loglik[232]     0.928  1.504  0.702
loglik[233]     1.031  0.854 -0.031
loglik[234]     2.254  1.650 -0.543
loglik[235]     2.066  1.583 -0.350
loglik[236]     2.591  0.160 -2.184
loglik[237]     1.494 -0.263  0.117
loglik[238]     0.774 -0.592 -0.582
loglik[239]     2.113  0.181 -1.068
loglik[24]     -2.117 -0.075  0.895
loglik[240]     0.053 -0.600 -0.740
loglik[241]     1.710  0.445 -1.138
loglik[242]     1.364 -0.191 -0.786
loglik[243]     1.839  1.034 -0.650
loglik[244]     0.778 -1.223 -0.702
loglik[245]    -1.705 -1.334  0.656
loglik[246]     2.726  1.095 -1.065
loglik[247]    -2.540 -2.520  0.678
loglik[248]    -0.422  0.317  1.031
loglik[249]    -2.328 -1.376  0.825
loglik[25]     -1.302 -1.208  1.155
loglik[250]     0.078 -0.598 -0.290
loglik[251]    -1.507 -0.229  0.843
loglik[252]    -1.041 -1.118  0.201
loglik[253]    -0.469 -0.234 -0.214
loglik[254]    -2.075 -0.643  2.936
loglik[255]     1.257  0.382  0.927
loglik[256]     0.041  0.430  1.114
loglik[257]     2.236  1.267 -0.761
loglik[258]    -2.016 -1.769  0.227
loglik[259]     0.021 -1.545  0.362
loglik[26]      0.579  0.054 -0.509
loglik[260]    -1.667  1.003  0.672
loglik[261]    -2.460 -2.116  1.213
loglik[262]    -0.619 -0.608  0.767
loglik[263]     1.234  0.285 -0.352
loglik[264]    -1.385 -1.354  2.240
loglik[265]    -1.290 -1.102  2.242
loglik[266]    -1.477 -1.321  2.705
loglik[267]     1.027  1.106 -0.963
loglik[268]     2.292  1.042 -1.192
loglik[269]     2.573  0.453 -0.915
loglik[27]      1.002 -0.468 -0.426
loglik[270]    -0.255 -1.068  0.539
loglik[271]     2.737  1.290 -1.749
loglik[272]    -0.122 -2.169  1.345
loglik[273]    -0.504 -2.363  1.372
loglik[274]     2.934  0.780 -1.246
loglik[275]     4.517  1.398 -1.314
loglik[276]     2.544  0.700 -2.181
loglik[277]    -0.930 -0.626  1.082
loglik[278]     2.259  1.157 -1.227
loglik[279]    -1.031  1.884  0.487
loglik[28]      1.381 -0.411 -0.638
loglik[280]     1.316  0.456  1.359
loglik[281]    -0.744  1.603  0.481
loglik[282]     1.002  2.799 -1.897
loglik[283]    -2.053 -1.695  1.665
loglik[284]    -2.302 -2.414  1.042
loglik[285]    -0.469 -2.069 -0.810
loglik[286]    -2.628 -2.370  1.471
loglik[287]    -0.154  0.054 -1.391
loglik[288]     1.179  0.769  0.748
loglik[289]     1.312 -0.124 -0.839
loglik[29]      0.741 -0.056 -0.076
loglik[290]    -1.183 -0.490  1.485
loglik[291]     0.959  1.265 -0.069
loglik[292]     2.063 -0.355 -1.192
loglik[293]     2.066  0.451 -2.181
loglik[294]    -0.047 -0.441 -0.589
loglik[295]     1.378  1.524 -0.419
loglik[296]     2.438  0.208  0.652
loglik[297]    -1.956 -0.955  0.476
loglik[298]     2.715  1.652 -2.317
loglik[299]     0.937 -0.672 -0.820
loglik[3]      -0.401  0.818 -0.945
loglik[30]      1.199 -0.905 -0.745
loglik[300]    -2.691 -0.419  1.724
loglik[301]    -2.079 -1.565 -0.269
loglik[302]     0.170 -0.019 -1.625
loglik[303]    -1.408 -1.105 -0.293
loglik[304]    -1.484 -1.268 -0.125
loglik[305]    -2.357 -0.819  0.786
loglik[306]    -1.565 -1.219  0.499
loglik[307]    -1.296  0.195  0.194
loglik[308]    -0.102 -0.580  0.031
loglik[309]     0.336 -0.317 -0.908
loglik[31]      2.482  0.710 -1.886
loglik[310]     2.844  0.865 -1.422
loglik[311]    -0.392 -2.010  1.305
loglik[312]     0.678 -1.567 -0.863
loglik[313]    -1.008 -1.420 -0.849
loglik[314]     2.483  0.688 -0.753
loglik[315]    -1.064 -1.128  2.392
loglik[316]    -0.983 -1.814  0.372
loglik[317]    -2.389 -0.693 -0.400
loglik[318]     0.330  1.938 -0.875
loglik[319]     0.813 -0.828 -1.206
loglik[32]      2.271  0.921 -0.513
loglik[320]    -0.848 -1.533 -0.055
loglik[321]     0.431 -0.663  0.905
loglik[322]     0.699 -1.636 -0.746
loglik[323]    -0.675 -1.714 -0.123
loglik[324]     1.488 -0.731 -0.484
loglik[325]     1.041  0.353  0.620
loglik[326]    -2.167 -0.565  1.204
loglik[327]     0.277 -0.111  0.431
loglik[328]    -0.556  0.216  0.466
loglik[329]    -2.052 -0.646  1.343
loglik[33]     -0.727  0.709  1.138
loglik[330]    -1.305 -1.599  0.509
loglik[331]    -4.029 -1.403  1.840
loglik[332]    -3.020 -0.668  1.194
loglik[333]    -0.118 -0.083  0.582
loglik[334]     0.050 -0.035  0.478
loglik[335]     1.340 -0.061 -0.246
loglik[336]     3.161  1.227 -1.213
loglik[337]     1.227  0.426  0.033
loglik[338]     0.893 -0.260  0.942
loglik[339]     0.487  0.000  0.928
loglik[34]      0.415 -0.814 -0.245
loglik[340]     2.241  0.263 -1.200
loglik[341]     1.332 -0.530 -1.127
loglik[342]    -0.776 -2.342  0.148
loglik[343]    -1.185 -2.141  0.840
loglik[344]    -2.228 -2.288  1.123
loglik[345]    -0.532  0.076  0.646
loglik[346]     2.258  1.170 -1.021
loglik[347]     2.555  1.425 -1.044
loglik[348]    -0.386  0.084  0.191
loglik[349]    -0.174  0.238  0.252
loglik[35]      0.060  1.857 -1.005
loglik[350]    -3.261 -1.099  0.889
loglik[351]    -1.249 -0.627  0.589
loglik[352]    -2.868 -1.826  0.964
loglik[36]      1.027  0.214  0.646
loglik[37]      0.545 -0.281 -0.191
loglik[38]      1.595 -0.172 -1.486
loglik[39]     -0.289 -1.206  0.260
loglik[4]      -0.249  0.682 -1.085
loglik[40]     -1.421 -0.556  1.201
loglik[41]      0.142  0.854 -0.335
loglik[42]      2.578  2.078 -1.749
loglik[43]      0.260  0.247 -0.647
loglik[44]      2.389  0.154 -1.181
loglik[45]      2.718  1.638 -1.888
loglik[46]      0.006  0.506 -0.578
loglik[47]      2.248  1.650 -1.549
loglik[48]     -0.187  0.634 -0.232
loglik[49]     -1.607 -0.637  1.176
loglik[5]      -0.020  1.301 -0.885
loglik[50]      1.619  0.664 -2.333
loglik[51]      2.672  1.083 -1.645
loglik[52]      2.109  0.587 -1.142
loglik[53]      2.327  0.880 -1.782
loglik[54]      0.519  0.110  0.223
loglik[55]      0.445  0.615  0.037
loglik[56]     -0.447  1.467 -0.943
loglik[57]      0.334  1.814 -1.330
loglik[58]      0.765  0.166 -0.022
loglik[59]      3.720  1.602 -0.844
loglik[6]      -1.143  1.052 -0.113
loglik[60]     -1.416 -1.702  0.475
loglik[61]      0.816  3.199 -1.791
loglik[62]     -0.057  0.766 -1.334
loglik[63]      3.734  1.737 -1.707
loglik[64]      0.447  0.124 -0.704
loglik[65]      2.310  0.861 -1.365
loglik[66]     -0.402  1.667 -0.428
loglik[67]      0.443 -0.057 -0.799
loglik[68]     -0.866  1.642  0.277
loglik[69]     -0.309 -1.225  0.567
loglik[7]       0.440  1.650 -0.242
loglik[70]      0.271 -0.014 -0.541
loglik[71]     -1.212 -1.886  1.756
loglik[72]      1.032  0.259 -0.990
loglik[73]      2.144  2.316 -1.730
loglik[74]      1.904  1.833 -1.645
loglik[75]     -0.440  1.873  1.920
loglik[76]     -0.061  0.376  0.780
loglik[77]     -0.407  1.790  1.847
loglik[78]      0.570  0.796  0.211
loglik[79]      0.453  1.132 -0.688
loglik[8]      -1.106  0.399 -0.167
loglik[80]      0.470  1.323 -1.413
loglik[81]      1.338  1.956 -1.448
loglik[82]      2.552  0.004 -2.350
loglik[83]     -2.270 -1.028  2.794
loglik[84]      0.388 -0.584 -0.207
loglik[85]      1.681  1.233 -0.507
loglik[86]      0.647  1.157  1.027
loglik[87]      0.348 -0.920 -0.401
loglik[88]      2.582  0.461 -0.483
loglik[89]      1.151  1.070 -1.732
loglik[9]       1.881  0.529 -0.532
loglik[90]      2.261 -0.271  1.646
loglik[91]      2.023 -0.453  2.561
loglik[92]      0.672 -0.844  3.135
loglik[93]      0.803  0.722  0.225
loglik[94]      0.657  0.898  1.186
loglik[95]      0.954  0.505  1.144
loglik[96]     -0.172 -2.096 -1.130
loglik[97]      0.808  0.377 -1.408
loglik[98]      1.207  0.515 -0.501
loglik[99]      1.090  0.601 -0.724
p.global[1]    -1.312 -1.200 -0.149
p.global[2]    -0.340  3.013  1.057
p.global[3]    -1.573 -0.902  0.023
p.global[4]     2.009  0.632 -0.176
resid.prop[1]  -1.967 -0.493  1.229
resid.prop[2]   1.986  1.705 -1.434
