
################################################################################
# Gelman-Rubin Diagnostic
################################################################################

Generally the Gelman diagnostic should be < 1.05


Out of 212 variables: 6 > 1.01

                      
0 > 1.05

                      
0 > 1.1


The worst variables are:

              Point est. Upper C.I.
p.global[2]     1.013865   1.040573
p.global[3]     1.012584   1.035255
loglik[41]      1.011379   1.018323
loglik[43]      1.011173   1.018807
ilr.global[3]   1.010849   1.029455
loglik[66]      1.010381   1.023955
loglik[84]      1.009468   1.029691
ilr.global[1]   1.009269   1.031386
loglik[45]      1.009104   1.022695
ilr.global[2]   1.008703   1.021121


And here are the Gelman diagnostics for all variables:

               Point est. Upper C.I.
deviance        1.0036652  1.0085314
ilr.fac1[1,1]         NaN        NaN
ilr.fac1[1,2]         NaN        NaN
ilr.fac1[1,3]         NaN        NaN
ilr.fac1[10,1]  0.9996385  0.9999390
ilr.fac1[10,2]  1.0004658  1.0030251
ilr.fac1[10,3]  1.0004578  1.0022729
ilr.fac1[11,1]  1.0001712  1.0017284
ilr.fac1[11,2]  1.0002029  1.0016374
ilr.fac1[11,3]  1.0000866  1.0012624
ilr.fac1[12,1]  1.0008738  1.0043303
ilr.fac1[12,2]  0.9997688  1.0004008
ilr.fac1[12,3]  1.0001055  1.0009805
ilr.fac1[13,1]  1.0005961  1.0034967
ilr.fac1[13,2]  1.0018164  1.0049004
ilr.fac1[13,3]  0.9996286  0.9998806
ilr.fac1[14,1]  1.0001667  1.0016702
ilr.fac1[14,2]  0.9996812  0.9997051
ilr.fac1[14,3]  1.0000388  1.0009475
ilr.fac1[15,1]  0.9997728  0.9999023
ilr.fac1[15,2]  1.0031742  1.0101233
ilr.fac1[15,3]  0.9999816  1.0005892
ilr.fac1[16,1]  1.0008194  1.0029155
ilr.fac1[16,2]  1.0000643  1.0015577
ilr.fac1[16,3]  0.9995801  0.9997378
ilr.fac1[17,1]  1.0007245  1.0032116
ilr.fac1[17,2]  1.0010740  1.0041306
ilr.fac1[17,3]  0.9998309  0.9998317
ilr.fac1[18,1]  1.0001258  1.0003785
ilr.fac1[18,2]  1.0007538  1.0028982
ilr.fac1[18,3]  1.0009669  1.0041646
ilr.fac1[19,1]  1.0006034  1.0012624
ilr.fac1[19,2]  1.0004487  1.0016856
ilr.fac1[19,3]  1.0001786  1.0015709
ilr.fac1[2,1]   1.0003299  1.0009133
ilr.fac1[2,2]   1.0001037  1.0009658
ilr.fac1[2,3]   1.0020073  1.0086285
ilr.fac1[20,1]  1.0003621  1.0024869
ilr.fac1[20,2]  1.0010402  1.0049342
ilr.fac1[20,3]  1.0004238  1.0014509
ilr.fac1[21,1]  1.0002254  1.0006135
ilr.fac1[21,2]  1.0004349  1.0013796
ilr.fac1[21,3]  1.0007714  1.0022900
ilr.fac1[22,1]  1.0006438  1.0035819
ilr.fac1[22,2]  1.0006794  1.0038193
ilr.fac1[22,3]  1.0009837  1.0028213
ilr.fac1[23,1]  1.0005279  1.0031704
ilr.fac1[23,2]  1.0012240  1.0050167
ilr.fac1[23,3]  1.0028849  1.0116406
ilr.fac1[24,1]  1.0034883  1.0138595
ilr.fac1[24,2]  1.0003418  1.0015884
ilr.fac1[24,3]  1.0002188  1.0017442
ilr.fac1[25,1]  1.0009866  1.0049620
ilr.fac1[25,2]  1.0001742  1.0008870
ilr.fac1[25,3]  1.0015059  1.0062215
ilr.fac1[26,1]  0.9998132  1.0002726
ilr.fac1[26,2]  1.0004572  1.0023759
ilr.fac1[26,3]  1.0000134  1.0013674
ilr.fac1[27,1]  1.0000898  1.0002930
ilr.fac1[27,2]  1.0004338  1.0026838
ilr.fac1[27,3]  1.0004246  1.0019521
ilr.fac1[28,1]  1.0003860  1.0026259
ilr.fac1[28,2]  1.0025264  1.0105001
ilr.fac1[28,3]  0.9999455  1.0009275
ilr.fac1[29,1]  1.0004170  1.0023290
ilr.fac1[29,2]  0.9995832  0.9997309
ilr.fac1[29,3]  1.0009583  1.0031535
ilr.fac1[3,1]   1.0007211  1.0027629
ilr.fac1[3,2]   1.0004500  1.0018025
ilr.fac1[3,3]   1.0006190  1.0034123
ilr.fac1[30,1]  0.9996088  0.9997210
ilr.fac1[30,2]  1.0000204  1.0010485
ilr.fac1[30,3]  1.0019298  1.0079312
ilr.fac1[31,1]  0.9998928  1.0004300
ilr.fac1[31,2]  0.9996730  0.9997900
ilr.fac1[31,3]  1.0000164  1.0012879
ilr.fac1[4,1]   1.0003949  1.0013543
ilr.fac1[4,2]   1.0023510  1.0083586
ilr.fac1[4,3]   1.0008834  1.0026050
ilr.fac1[5,1]   1.0001380  1.0006461
ilr.fac1[5,2]   0.9997563  1.0003487
ilr.fac1[5,3]   1.0003041  1.0021131
ilr.fac1[6,1]   1.0030209  1.0102275
ilr.fac1[6,2]   1.0009385  1.0042755
ilr.fac1[6,3]   1.0014130  1.0063319
ilr.fac1[7,1]   1.0005561  1.0021484
ilr.fac1[7,2]   1.0017707  1.0075122
ilr.fac1[7,3]   1.0012919  1.0058970
ilr.fac1[8,1]   1.0003801  1.0018485
ilr.fac1[8,2]   1.0003447  1.0009685
ilr.fac1[8,3]   1.0007401  1.0027914
ilr.fac1[9,1]   0.9999847  1.0006036
ilr.fac1[9,2]   1.0002545  1.0022234
ilr.fac1[9,3]   1.0015354  1.0068322
ilr.fac2[1,1]         NaN        NaN
ilr.fac2[1,2]         NaN        NaN
ilr.fac2[1,3]         NaN        NaN
ilr.fac2[2,1]   1.0008481  1.0023892
ilr.fac2[2,2]   1.0038828  1.0123720
ilr.fac2[2,3]   1.0009714  1.0044121
ilr.fac2[3,1]   1.0024297  1.0093858
ilr.fac2[3,2]   1.0000951  1.0012355
ilr.fac2[3,3]   1.0022895  1.0073726
ilr.global[1]   1.0092692  1.0313855
ilr.global[2]   1.0087027  1.0211205
ilr.global[3]   1.0108490  1.0294550
loglik[1]       1.0001950  1.0018388
loglik[10]      1.0007880  1.0032346
loglik[100]     1.0045109  1.0129823
loglik[11]      1.0014383  1.0047346
loglik[12]      1.0021820  1.0066694
loglik[13]      1.0002247  1.0018095
loglik[14]      1.0040215  1.0129949
loglik[15]      1.0014615  1.0033783
loglik[16]      1.0006758  1.0033037
loglik[17]      1.0022216  1.0082426
loglik[18]      1.0031572  1.0119579
loglik[19]      1.0015880  1.0053938
loglik[2]       1.0036268  1.0046528
loglik[20]      1.0050127  1.0130048
loglik[21]      1.0050555  1.0130736
loglik[22]      1.0007166  1.0028443
loglik[23]      1.0000129  1.0007404
loglik[24]      1.0015834  1.0068055
loglik[25]      0.9999361  1.0009651
loglik[26]      1.0000311  1.0009465
loglik[27]      1.0042944  1.0125970
loglik[28]      1.0012566  1.0054868
loglik[29]      1.0034753  1.0090619
loglik[3]       1.0004010  1.0011875
loglik[30]      1.0014403  1.0052163
loglik[31]      1.0004876  1.0028143
loglik[32]      0.9998325  1.0000233
loglik[33]      1.0001696  1.0018539
loglik[34]      0.9996400  0.9996792
loglik[35]      1.0036614  1.0117806
loglik[36]      1.0021022  1.0051311
loglik[37]      1.0042154  1.0137335
loglik[38]      1.0009413  1.0023663
loglik[39]      1.0039348  1.0072112
loglik[4]       1.0013817  1.0018395
loglik[40]      1.0037098  1.0104028
loglik[41]      1.0113793  1.0183234
loglik[42]      1.0019997  1.0022362
loglik[43]      1.0111734  1.0188065
loglik[44]      1.0006268  1.0032992
loglik[45]      1.0091040  1.0226948
loglik[46]      1.0005550  1.0028772
loglik[47]      1.0021192  1.0031974
loglik[48]      1.0032100  1.0126216
loglik[49]      1.0076486  1.0227998
loglik[5]       1.0040800  1.0065850
loglik[50]      1.0047406  1.0165007
loglik[51]      1.0038542  1.0137525
loglik[52]      1.0036638  1.0130027
loglik[53]      1.0051592  1.0174044
loglik[54]      1.0059357  1.0196278
loglik[55]      1.0047528  1.0144492
loglik[56]      1.0054707  1.0120248
loglik[57]      1.0022016  1.0065008
loglik[58]      1.0010893  1.0029150
loglik[59]      1.0027598  1.0111323
loglik[6]       1.0070926  1.0258844
loglik[60]      1.0012937  1.0015447
loglik[61]      1.0047219  1.0148764
loglik[62]      0.9998799  1.0006040
loglik[63]      1.0006860  1.0023747
loglik[64]      1.0005658  1.0008363
loglik[65]      1.0008136  1.0020717
loglik[66]      1.0103813  1.0239549
loglik[67]      1.0010357  1.0025324
loglik[68]      1.0079863  1.0255004
loglik[69]      1.0007747  1.0029947
loglik[7]       1.0048477  1.0179913
loglik[70]      1.0023637  1.0074825
loglik[71]      1.0007366  1.0040155
loglik[72]      1.0011208  1.0028220
loglik[73]      1.0018856  1.0023763
loglik[74]      1.0013554  1.0062840
loglik[75]      1.0010770  1.0018128
loglik[76]      1.0026441  1.0027569
loglik[77]      1.0068691  1.0247326
loglik[78]      1.0009988  1.0039472
loglik[79]      1.0004959  1.0020382
loglik[8]       1.0043241  1.0047009
loglik[80]      1.0000411  1.0012976
loglik[81]      1.0037198  1.0085047
loglik[82]      1.0035077  1.0079552
loglik[83]      1.0012254  1.0053703
loglik[84]      1.0094676  1.0296913
loglik[85]      1.0017731  1.0060766
loglik[86]      1.0034726  1.0110088
loglik[87]      1.0030994  1.0125895
loglik[88]      1.0016686  1.0029451
loglik[89]      1.0029532  1.0081159
loglik[9]       1.0017998  1.0073953
loglik[90]      1.0053404  1.0176941
loglik[91]      1.0022715  1.0086275
loglik[92]      1.0061864  1.0205769
loglik[93]      1.0086196  1.0232152
loglik[94]      1.0002238  1.0016525
loglik[95]      1.0025970  1.0078107
loglik[96]      1.0027850  1.0067439
loglik[97]      1.0026539  1.0098249
loglik[98]      1.0033196  1.0117909
loglik[99]      1.0006136  1.0031537
p.global[1]     1.0084628  1.0216575
p.global[2]     1.0138648  1.0405726
p.global[3]     1.0125842  1.0352550
p.global[4]     1.0077958  1.0172238
resid.prop[1]   1.0018121  1.0076247
resid.prop[2]   1.0083830  1.0219704

################################################################################
# Geweke Diagnostic
################################################################################

The Geweke diagnostic is a standard z-score, so we'd expect 5% to be outside +/-1.96
Number of variables outside +/-1.96 in each chain (out of 
212
):


       Chain 1 Chain 2 Chain 3
Geweke      22      14      14


And here are the Geweke diagnostics for all variables:

               chain1 chain2 chain3
deviance        0.140  0.973 -0.884
ilr.fac1[10,1]  0.884  0.935  0.568
ilr.fac1[10,2] -0.534 -1.073  0.002
ilr.fac1[10,3]  0.861 -0.493 -2.068
ilr.fac1[11,1]  1.422  0.050 -0.308
ilr.fac1[11,2]  0.337  0.920  0.094
ilr.fac1[11,3]  0.104  0.434 -1.895
ilr.fac1[12,1] -2.749 -1.771  0.634
ilr.fac1[12,2]  1.690 -1.462  1.412
ilr.fac1[12,3]  0.438 -0.554  0.929
ilr.fac1[13,1]  1.074 -1.691  2.394
ilr.fac1[13,2]  0.677  1.227 -0.348
ilr.fac1[13,3] -1.080  0.836 -1.308
ilr.fac1[14,1]  0.738  2.076 -0.400
ilr.fac1[14,2] -0.191  1.107 -0.478
ilr.fac1[14,3]  0.979  0.197  0.597
ilr.fac1[15,1] -1.449  2.281  0.237
ilr.fac1[15,2] -0.127 -0.455 -0.478
ilr.fac1[15,3] -0.020 -1.109 -0.701
ilr.fac1[16,1]  0.423 -1.476 -0.143
ilr.fac1[16,2] -0.324 -0.695  0.281
ilr.fac1[16,3]  1.291  0.321  0.946
ilr.fac1[17,1] -1.744  0.158  0.413
ilr.fac1[17,2]  2.474 -1.393  1.201
ilr.fac1[17,3] -0.174  0.244 -0.359
ilr.fac1[18,1]  1.824  0.291  1.242
ilr.fac1[18,2]  0.286 -0.827  0.180
ilr.fac1[18,3] -0.881  0.135 -0.295
ilr.fac1[19,1]  0.750  0.878 -0.373
ilr.fac1[19,2]  1.344  0.575  1.889
ilr.fac1[19,3]  0.595  0.058 -0.148
ilr.fac1[2,1]   0.110 -0.089 -0.564
ilr.fac1[2,2]  -1.050 -1.990  0.520
ilr.fac1[2,3]   0.333  0.631  1.091
ilr.fac1[20,1]  0.428  1.025  2.181
ilr.fac1[20,2] -0.697 -1.094  0.378
ilr.fac1[20,3] -1.546 -0.516  0.758
ilr.fac1[21,1] -0.208  1.504 -0.793
ilr.fac1[21,2]  0.403  1.288 -0.063
ilr.fac1[21,3] -0.723  0.768  2.997
ilr.fac1[22,1] -0.664  1.076  1.938
ilr.fac1[22,2]  0.003 -0.572 -0.516
ilr.fac1[22,3]  0.454 -0.843  0.983
ilr.fac1[23,1]  0.651 -0.837 -0.281
ilr.fac1[23,2] -0.248  1.239  0.172
ilr.fac1[23,3] -0.371  0.639  0.393
ilr.fac1[24,1] -0.631 -0.309  0.433
ilr.fac1[24,2] -0.717  0.398  1.573
ilr.fac1[24,3] -0.222 -0.857  0.392
ilr.fac1[25,1]  1.927  1.220  0.815
ilr.fac1[25,2]  0.230 -0.241  1.351
ilr.fac1[25,3]  0.780  2.123  0.646
ilr.fac1[26,1]  1.535  1.321 -0.074
ilr.fac1[26,2]  0.956 -1.435  0.474
ilr.fac1[26,3]  1.827  1.782  0.008
ilr.fac1[27,1]  0.250 -1.959 -2.099
ilr.fac1[27,2] -0.708 -3.522 -0.945
ilr.fac1[27,3] -1.233 -1.418 -1.047
ilr.fac1[28,1] -0.757 -2.033 -1.445
ilr.fac1[28,2] -1.238 -0.754 -0.475
ilr.fac1[28,3]  0.560 -0.347  0.388
ilr.fac1[29,1] -0.017  0.632 -0.402
ilr.fac1[29,2]  0.278 -1.678 -0.014
ilr.fac1[29,3] -0.213  0.868 -0.448
ilr.fac1[3,1]  -1.294 -0.844 -0.501
ilr.fac1[3,2]   0.718 -1.698  0.155
ilr.fac1[3,3]   0.753 -0.206 -2.320
ilr.fac1[30,1]  2.220  0.610  1.887
ilr.fac1[30,2]  0.638 -0.161  1.197
ilr.fac1[30,3] -0.438  2.088 -2.558
ilr.fac1[31,1]  1.613 -0.820 -0.099
ilr.fac1[31,2]  3.536 -0.914 -0.870
ilr.fac1[31,3]  0.024  0.764  2.052
ilr.fac1[4,1]  -1.822  0.141  0.460
ilr.fac1[4,2]  -0.344  0.042  0.166
ilr.fac1[4,3]   0.980  0.473 -2.079
ilr.fac1[5,1]  -0.641  0.124  1.174
ilr.fac1[5,2]  -0.549  1.759  0.857
ilr.fac1[5,3]  -1.348 -0.630  0.679
ilr.fac1[6,1]  -1.667 -1.475 -0.650
ilr.fac1[6,2]   0.281 -0.355  1.085
ilr.fac1[6,3]  -0.278  0.098 -0.836
ilr.fac1[7,1]  -1.011  1.022 -1.133
ilr.fac1[7,2]   1.100 -0.972  1.231
ilr.fac1[7,3]   1.229 -1.123 -0.097
ilr.fac1[8,1]   0.827  1.030  0.961
ilr.fac1[8,2]  -0.523 -1.666  0.830
ilr.fac1[8,3]  -0.621  0.232 -0.053
ilr.fac1[9,1]  -0.298 -0.043 -2.219
ilr.fac1[9,2]  -1.876 -0.561 -1.697
ilr.fac1[9,3]  -0.053 -0.112  1.459
ilr.fac2[2,1]  -1.579  1.313 -1.115
ilr.fac2[2,2]   1.548 -1.275  0.506
ilr.fac2[2,3]   1.971  1.228 -1.479
ilr.fac2[3,1]  -0.260  0.094  0.473
ilr.fac2[3,2]  -0.638 -0.113  0.903
ilr.fac2[3,3]  -1.299  1.436 -1.074
ilr.global[1]  -0.738  1.715 -1.332
ilr.global[2]   1.728 -0.446  0.505
ilr.global[3]  -0.842 -0.005  0.035
loglik[1]      -1.728  0.182  1.932
loglik[10]      1.334 -1.670  0.891
loglik[100]    -1.416  0.720 -1.467
loglik[11]      1.207 -1.822  1.364
loglik[12]      2.302 -1.782  0.738
loglik[13]      2.864 -1.052 -0.417
loglik[14]      1.578 -1.508  1.332
loglik[15]     -0.810  1.082 -1.755
loglik[16]      1.738 -0.690 -0.092
loglik[17]      1.442 -1.315  0.958
loglik[18]      1.385 -0.662  0.484
loglik[19]      1.185 -0.567  0.132
loglik[2]       1.471 -0.855  2.839
loglik[20]      1.686 -1.536  0.750
loglik[21]      1.709 -1.492  0.665
loglik[22]      0.303 -0.269  1.246
loglik[23]     -1.788  1.296 -1.387
loglik[24]     -0.320  1.854 -1.035
loglik[25]      0.368 -0.535  1.387
loglik[26]     -1.650 -1.112 -0.371
loglik[27]     -1.184  1.250 -0.256
loglik[28]     -1.775  1.024  0.866
loglik[29]     -1.322  1.331  0.311
loglik[3]      -2.485  0.639 -0.049
loglik[30]     -0.208  2.885 -0.101
loglik[31]      1.462 -1.540 -0.229
loglik[32]      0.190 -1.314  1.866
loglik[33]      2.396 -1.125  1.985
loglik[34]     -0.427 -0.985  1.393
loglik[35]      0.741 -2.039  0.614
loglik[36]      1.514 -0.664  1.878
loglik[37]      0.879 -1.864  1.259
loglik[38]     -1.028 -0.575  0.477
loglik[39]     -2.354  1.343 -0.574
loglik[4]       1.428 -0.150  0.811
loglik[40]     -2.647  1.541  1.531
loglik[41]     -0.044 -1.173 -0.039
loglik[42]      0.112  0.280 -0.077
loglik[43]     -0.888  0.925 -0.245
loglik[44]      0.021  0.194  0.824
loglik[45]      1.126 -1.600  1.476
loglik[46]     -1.710  0.933 -0.783
loglik[47]      1.554 -3.038  0.203
loglik[48]     -0.748  0.872 -2.086
loglik[49]      1.274 -0.720  1.305
loglik[5]      -0.337  1.454  0.610
loglik[50]      0.504 -0.764  1.715
loglik[51]      0.728  0.332 -0.152
loglik[52]      1.189 -0.342  0.653
loglik[53]      1.386 -0.630  0.286
loglik[54]      0.889 -0.712  0.683
loglik[55]     -0.819  0.480 -0.114
loglik[56]      0.738 -0.774  0.658
loglik[57]     -1.590  0.739 -0.508
loglik[58]     -0.531  1.232 -1.914
loglik[59]      0.571 -2.714 -0.451
loglik[6]       1.170 -0.618  1.296
loglik[60]      1.272 -1.489  1.430
loglik[61]      1.166 -0.737  1.562
loglik[62]      0.982 -1.834 -0.255
loglik[63]      0.665 -0.725  1.454
loglik[64]     -1.280  1.068 -1.021
loglik[65]      1.154 -1.325  0.392
loglik[66]      0.788 -1.077  1.068
loglik[67]     -0.600 -1.242 -0.085
loglik[68]      2.043  0.108  1.373
loglik[69]      0.357 -1.235  0.453
loglik[7]       1.291 -0.971  1.911
loglik[70]      0.243 -0.194  0.980
loglik[71]      3.709 -0.696  1.303
loglik[72]      2.988 -0.394  1.034
loglik[73]     -0.278 -1.929 -0.592
loglik[74]     -0.824  1.074 -1.432
loglik[75]     -0.301 -1.757 -0.531
loglik[76]     -1.247  0.413  0.364
loglik[77]     -1.004  0.736 -1.804
loglik[78]      0.571 -2.460  0.516
loglik[79]     -0.504  2.205 -0.447
loglik[8]      -0.798 -0.066  0.816
loglik[80]     -0.581  3.629  0.335
loglik[81]     -2.421  0.672 -0.283
loglik[82]     -2.449  0.762 -0.239
loglik[83]      3.581 -1.467 -0.125
loglik[84]      1.172 -1.025  1.306
loglik[85]     -2.346  1.658 -0.561
loglik[86]      0.972 -1.693  1.860
loglik[87]      0.564 -1.082  1.317
loglik[88]     -2.811  1.665 -1.859
loglik[89]      1.362 -1.102  1.404
loglik[9]       0.958 -0.824  1.109
loglik[90]      1.225 -0.812  0.628
loglik[91]      2.341 -1.146 -0.612
loglik[92]      1.234 -0.744  0.085
loglik[93]     -0.448  0.054 -0.092
loglik[94]     -2.926  1.287 -2.527
loglik[95]     -2.130  0.641 -1.783
loglik[96]      1.020 -0.934  1.707
loglik[97]      1.110 -0.799  1.498
loglik[98]     -1.842  0.038 -1.248
loglik[99]      0.699  0.968 -1.093
p.global[1]    -1.435  1.408 -1.281
p.global[2]     0.880 -0.652  0.956
p.global[3]    -0.869  0.612 -0.908
p.global[4]     0.770 -0.955 -0.492
resid.prop[1]   1.348 -0.893  0.275
resid.prop[2]   0.984 -0.857  1.131
