
################################################################################
# Gelman-Rubin Diagnostic
################################################################################

Generally the Gelman diagnostic should be < 1.05


Out of 434 variables: 9 > 1.01

                      
0 > 1.05

                      
0 > 1.1


The worst variables are:

               Point est. Upper C.I.
loglik[298]      1.025863   1.077556
loglik[297]      1.023190   1.071442
ilr.fac1[26,2]   1.021189   1.071962
loglik[197]      1.019414   1.065766
loglik[195]      1.019308   1.065142
loglik[196]      1.019199   1.065325
loglik[194]      1.019110   1.065566
loglik[301]      1.018245   1.057557
ilr.fac2[3,2]    1.016102   1.037534
loglik[300]      1.009376   1.031487


And here are the Gelman diagnostics for all variables:

               Point est. Upper C.I.
deviance        1.0006105  1.0017952
ilr.fac1[1,1]         NaN        NaN
ilr.fac1[1,2]         NaN        NaN
ilr.fac1[10,1]  1.0026520  1.0091759
ilr.fac1[10,2]  1.0015649  1.0066298
ilr.fac1[11,1]  1.0002380  1.0008212
ilr.fac1[11,2]  1.0000337  1.0008947
ilr.fac1[12,1]  1.0018222  1.0080041
ilr.fac1[12,2]  1.0000695  1.0002744
ilr.fac1[13,1]  1.0003898  1.0017768
ilr.fac1[13,2]  1.0007518  1.0013016
ilr.fac1[14,1]  0.9998165  1.0002261
ilr.fac1[14,2]  1.0004367  1.0027700
ilr.fac1[15,1]  1.0005359  1.0031634
ilr.fac1[15,2]  1.0008314  1.0041850
ilr.fac1[16,1]  1.0000833  1.0015397
ilr.fac1[16,2]  1.0003202  1.0014083
ilr.fac1[17,1]  1.0001396  1.0018148
ilr.fac1[17,2]  1.0006870  1.0011454
ilr.fac1[18,1]  0.9998833  1.0002698
ilr.fac1[18,2]  0.9997096  1.0000576
ilr.fac1[19,1]  1.0001218  1.0012998
ilr.fac1[19,2]  1.0042050  1.0151763
ilr.fac1[2,1]   1.0006488  1.0034568
ilr.fac1[2,2]   1.0010053  1.0049964
ilr.fac1[20,1]  0.9999446  1.0008957
ilr.fac1[20,2]  1.0011947  1.0021082
ilr.fac1[21,1]  1.0002648  1.0014270
ilr.fac1[21,2]  1.0011350  1.0048146
ilr.fac1[22,1]  1.0001387  1.0004464
ilr.fac1[22,2]  1.0004243  1.0020067
ilr.fac1[23,1]  1.0003845  1.0025029
ilr.fac1[23,2]  1.0017483  1.0063710
ilr.fac1[24,1]  1.0027897  1.0101099
ilr.fac1[24,2]  1.0009651  1.0028818
ilr.fac1[25,1]  1.0002866  1.0019392
ilr.fac1[25,2]  1.0021787  1.0046111
ilr.fac1[26,1]  1.0074462  1.0230631
ilr.fac1[26,2]  1.0211893  1.0719624
ilr.fac1[27,1]  1.0011420  1.0033270
ilr.fac1[27,2]  1.0040676  1.0110892
ilr.fac1[28,1]  1.0009713  1.0026680
ilr.fac1[28,2]  1.0080499  1.0242010
ilr.fac1[29,1]  1.0003970  1.0026161
ilr.fac1[29,2]  0.9999110  1.0007239
ilr.fac1[3,1]   1.0001517  1.0010918
ilr.fac1[3,2]   1.0021270  1.0023754
ilr.fac1[30,1]  1.0004995  1.0027442
ilr.fac1[30,2]  0.9996935  1.0001087
ilr.fac1[31,1]  1.0006632  1.0006906
ilr.fac1[31,2]  1.0012172  1.0051850
ilr.fac1[32,1]  1.0017872  1.0077521
ilr.fac1[32,2]  0.9996344  0.9996939
ilr.fac1[33,1]  1.0013354  1.0046224
ilr.fac1[33,2]  0.9999058  1.0006831
ilr.fac1[34,1]  0.9999663  1.0007517
ilr.fac1[34,2]  1.0012631  1.0052665
ilr.fac1[4,1]   1.0007227  1.0038989
ilr.fac1[4,2]   1.0065062  1.0230856
ilr.fac1[5,1]   1.0004800  1.0018467
ilr.fac1[5,2]   1.0004058  1.0023969
ilr.fac1[6,1]   1.0020858  1.0088455
ilr.fac1[6,2]   1.0019958  1.0052913
ilr.fac1[7,1]   1.0007074  1.0036696
ilr.fac1[7,2]   1.0007768  1.0033494
ilr.fac1[8,1]   1.0029317  1.0108729
ilr.fac1[8,2]   0.9996929  1.0001702
ilr.fac1[9,1]   1.0020400  1.0079770
ilr.fac1[9,2]   1.0023902  1.0091792
ilr.fac2[1,1]         NaN        NaN
ilr.fac2[1,2]         NaN        NaN
ilr.fac2[2,1]   1.0007091  1.0022813
ilr.fac2[2,2]   1.0008488  1.0037022
ilr.fac2[3,1]   1.0071690  1.0257272
ilr.fac2[3,2]   1.0161016  1.0375344
ilr.global[1]   1.0013953  1.0062602
ilr.global[2]   1.0077284  1.0270436
loglik[1]       1.0001170  1.0014752
loglik[10]      1.0013422  1.0018482
loglik[100]     1.0007657  1.0037067
loglik[101]     1.0005681  1.0029353
loglik[102]     1.0000023  1.0009096
loglik[103]     1.0010400  1.0039003
loglik[104]     1.0006370  1.0030412
loglik[105]     0.9999737  1.0005396
loglik[106]     1.0003746  1.0015758
loglik[107]     0.9997957  1.0002783
loglik[108]     1.0020842  1.0040135
loglik[109]     1.0026352  1.0080588
loglik[11]      1.0009019  1.0044831
loglik[110]     1.0025546  1.0095126
loglik[111]     1.0028694  1.0108035
loglik[112]     1.0028288  1.0103776
loglik[113]     1.0005834  1.0031811
loglik[114]     0.9998959  1.0006238
loglik[115]     1.0015931  1.0057071
loglik[116]     1.0050593  1.0178446
loglik[117]     1.0018237  1.0076859
loglik[118]     1.0057728  1.0198403
loglik[119]     1.0015685  1.0055524
loglik[12]      1.0003342  1.0016209
loglik[120]     1.0011762  1.0012752
loglik[121]     0.9996197  0.9997128
loglik[122]     1.0023862  1.0088786
loglik[123]     1.0051122  1.0152765
loglik[124]     1.0000966  1.0010077
loglik[125]     0.9999128  1.0000848
loglik[126]     0.9997209  0.9998265
loglik[127]     0.9997615  1.0002628
loglik[128]     1.0004226  1.0006017
loglik[129]     0.9995822  0.9997057
loglik[13]      1.0001712  1.0012603
loglik[130]     1.0032861  1.0077228
loglik[131]     1.0027698  1.0066912
loglik[132]     1.0005779  1.0017616
loglik[133]     1.0026914  1.0099008
loglik[134]     1.0002484  1.0011800
loglik[135]     1.0034297  1.0119346
loglik[136]     1.0010261  1.0050324
loglik[137]     1.0003973  1.0023464
loglik[138]     1.0057548  1.0145716
loglik[139]     1.0012637  1.0027808
loglik[14]      1.0001486  1.0012020
loglik[140]     1.0020319  1.0050452
loglik[141]     1.0010372  1.0046277
loglik[142]     1.0006534  1.0034823
loglik[143]     1.0041806  1.0137218
loglik[144]     1.0012016  1.0036053
loglik[145]     1.0015383  1.0065457
loglik[146]     1.0019225  1.0050843
loglik[147]     1.0006676  1.0007812
loglik[148]     1.0033015  1.0132262
loglik[149]     1.0027261  1.0041851
loglik[15]      1.0018852  1.0072285
loglik[150]     1.0004260  1.0020032
loglik[151]     1.0036127  1.0144064
loglik[152]     1.0040894  1.0161939
loglik[153]     1.0059001  1.0125125
loglik[154]     1.0005994  1.0034439
loglik[155]     1.0007924  1.0039750
loglik[156]     1.0079842  1.0108263
loglik[157]     1.0000031  1.0002501
loglik[158]     1.0075958  1.0159974
loglik[159]     1.0030039  1.0049193
loglik[16]      1.0003639  1.0013338
loglik[160]     1.0045006  1.0103598
loglik[161]     1.0011090  1.0048807
loglik[162]     1.0019878  1.0082031
loglik[163]     1.0011942  1.0046692
loglik[164]     1.0008884  1.0036990
loglik[165]     1.0025104  1.0087752
loglik[166]     1.0024760  1.0100342
loglik[167]     1.0012350  1.0022950
loglik[168]     1.0042639  1.0139197
loglik[169]     1.0005079  1.0012931
loglik[17]      1.0028792  1.0109655
loglik[170]     1.0004295  1.0011883
loglik[171]     1.0012469  1.0059100
loglik[172]     1.0008984  1.0045966
loglik[173]     1.0004109  1.0013597
loglik[174]     1.0024680  1.0032549
loglik[175]     1.0037400  1.0037604
loglik[176]     1.0041271  1.0043460
loglik[177]     1.0032637  1.0038451
loglik[178]     1.0020332  1.0078259
loglik[179]     1.0010489  1.0029653
loglik[18]      1.0026797  1.0035604
loglik[180]     1.0010997  1.0011172
loglik[181]     1.0005377  1.0031001
loglik[182]     1.0023954  1.0099453
loglik[183]     1.0064040  1.0189010
loglik[184]     1.0004428  1.0021517
loglik[185]     1.0032725  1.0095056
loglik[186]     1.0012083  1.0023519
loglik[187]     0.9999329  1.0002124
loglik[188]     1.0000516  1.0003213
loglik[189]     1.0002077  1.0020035
loglik[19]      1.0014365  1.0036009
loglik[190]     0.9996655  1.0000613
loglik[191]     0.9998486  1.0004976
loglik[192]     1.0012253  1.0017133
loglik[193]     1.0007711  1.0022246
loglik[194]     1.0191095  1.0655663
loglik[195]     1.0193085  1.0651421
loglik[196]     1.0191991  1.0653252
loglik[197]     1.0194138  1.0657662
loglik[198]     1.0011875  1.0056257
loglik[199]     1.0007639  1.0034265
loglik[2]       1.0004383  1.0024940
loglik[20]      1.0025385  1.0036210
loglik[200]     1.0005490  1.0024752
loglik[201]     1.0004157  1.0024876
loglik[202]     1.0010542  1.0050581
loglik[203]     1.0004116  1.0017248
loglik[204]     1.0011732  1.0055276
loglik[205]     1.0061812  1.0176926
loglik[206]     1.0082458  1.0250931
loglik[207]     1.0066621  1.0187171
loglik[208]     1.0060231  1.0174743
loglik[209]     1.0048611  1.0157042
loglik[21]      1.0006172  1.0017439
loglik[210]     1.0073885  1.0223758
loglik[211]     1.0016218  1.0065105
loglik[212]     1.0032488  1.0102794
loglik[213]     1.0023812  1.0090740
loglik[214]     1.0035735  1.0116966
loglik[215]     1.0011020  1.0051884
loglik[216]     1.0032080  1.0114098
loglik[217]     1.0035853  1.0118354
loglik[218]     1.0023448  1.0087944
loglik[219]     1.0001516  1.0012078
loglik[22]      1.0002596  1.0003011
loglik[220]     1.0007928  1.0034758
loglik[221]     1.0012368  1.0053132
loglik[222]     1.0012056  1.0042853
loglik[223]     1.0012518  1.0053721
loglik[224]     1.0022763  1.0068535
loglik[225]     1.0021683  1.0057404
loglik[226]     1.0022449  1.0062546
loglik[227]     1.0000361  1.0004529
loglik[228]     1.0001589  1.0014704
loglik[229]     0.9998528  1.0005062
loglik[23]      1.0003023  1.0003929
loglik[230]     0.9999883  1.0003563
loglik[231]     1.0000034  1.0004666
loglik[232]     0.9998825  1.0002075
loglik[233]     1.0019909  1.0062477
loglik[234]     1.0003187  1.0019880
loglik[235]     1.0021539  1.0051156
loglik[236]     1.0027863  1.0076088
loglik[237]     1.0021195  1.0089635
loglik[238]     1.0026497  1.0054768
loglik[239]     1.0014596  1.0048450
loglik[24]      1.0007029  1.0031526
loglik[240]     1.0026834  1.0108146
loglik[241]     1.0022631  1.0087441
loglik[242]     1.0020370  1.0079881
loglik[243]     1.0021709  1.0085924
loglik[244]     1.0025689  1.0103684
loglik[245]     1.0021874  1.0090508
loglik[246]     1.0027466  1.0112931
loglik[247]     1.0000553  1.0003805
loglik[248]     1.0019229  1.0072769
loglik[249]     1.0002172  1.0008051
loglik[25]      1.0010142  1.0033880
loglik[250]     1.0003389  1.0012357
loglik[251]     1.0023929  1.0093625
loglik[252]     1.0001808  1.0018633
loglik[253]     1.0002905  1.0007898
loglik[254]     1.0008858  1.0044652
loglik[255]     1.0011471  1.0049258
loglik[256]     0.9996209  0.9996486
loglik[257]     1.0004529  1.0013011
loglik[258]     1.0003890  1.0023512
loglik[259]     1.0020436  1.0079263
loglik[26]      0.9999063  1.0000261
loglik[260]     1.0000211  1.0006795
loglik[261]     1.0048645  1.0149640
loglik[262]     0.9999622  1.0008221
loglik[263]     0.9998195  1.0005056
loglik[264]     1.0007212  1.0035732
loglik[265]     1.0073513  1.0123135
loglik[266]     1.0049567  1.0172417
loglik[267]     1.0003410  1.0012323
loglik[268]     1.0070827  1.0079531
loglik[269]     1.0059206  1.0080570
loglik[27]      1.0005669  1.0025483
loglik[270]     1.0009915  1.0041098
loglik[271]     1.0002612  1.0018555
loglik[272]     1.0029996  1.0122860
loglik[273]     1.0090024  1.0133296
loglik[274]     1.0088216  1.0142611
loglik[275]     0.9995237  0.9995616
loglik[276]     1.0009441  1.0046857
loglik[277]     1.0002585  1.0007344
loglik[278]     1.0003263  1.0007423
loglik[279]     1.0018172  1.0074228
loglik[28]      1.0005415  1.0008491
loglik[280]     0.9996278  0.9997174
loglik[281]     1.0002362  1.0010164
loglik[282]     1.0050993  1.0195769
loglik[283]     1.0031733  1.0104131
loglik[284]     1.0002866  1.0005209
loglik[285]     1.0070578  1.0264074
loglik[286]     1.0000855  1.0003754
loglik[287]     1.0007375  1.0015973
loglik[288]     1.0014525  1.0047779
loglik[289]     1.0070620  1.0148781
loglik[29]      1.0060680  1.0215679
loglik[290]     1.0000685  1.0008496
loglik[291]     1.0013870  1.0056445
loglik[292]     1.0018274  1.0069314
loglik[293]     1.0040620  1.0156330
loglik[294]     1.0038477  1.0139985
loglik[295]     1.0052652  1.0200895
loglik[296]     1.0008152  1.0037028
loglik[297]     1.0231896  1.0714417
loglik[298]     1.0258635  1.0775561
loglik[299]     1.0008614  1.0024122
loglik[3]       1.0004839  1.0029207
loglik[30]      1.0005155  1.0011879
loglik[300]     1.0093765  1.0314872
loglik[301]     1.0182451  1.0575574
loglik[302]     1.0051028  1.0179013
loglik[303]     1.0049270  1.0185668
loglik[304]     1.0035594  1.0142484
loglik[305]     1.0009079  1.0031526
loglik[306]     1.0010396  1.0037157
loglik[307]     0.9995670  0.9996691
loglik[308]     1.0006319  1.0023991
loglik[309]     1.0003863  1.0022657
loglik[31]      0.9995770  0.9996769
loglik[310]     1.0011384  1.0049552
loglik[311]     1.0021326  1.0086380
loglik[312]     1.0051847  1.0194077
loglik[313]     1.0018511  1.0044258
loglik[314]     1.0060948  1.0222361
loglik[315]     1.0019790  1.0070742
loglik[316]     1.0009378  1.0023185
loglik[317]     1.0038798  1.0062793
loglik[318]     1.0045436  1.0116104
loglik[319]     1.0040106  1.0101643
loglik[32]      0.9997642  0.9999324
loglik[320]     1.0018544  1.0061429
loglik[321]     1.0017834  1.0065049
loglik[322]     1.0016018  1.0043994
loglik[323]     1.0013534  1.0039406
loglik[324]     1.0021317  1.0070422
loglik[325]     1.0000633  1.0014923
loglik[326]     1.0056135  1.0200991
loglik[327]     0.9998448  1.0004195
loglik[328]     1.0035799  1.0140900
loglik[329]     1.0015910  1.0058390
loglik[33]      1.0027756  1.0104841
loglik[330]     1.0001954  1.0019741
loglik[331]     0.9996988  1.0000831
loglik[332]     0.9996170  0.9998774
loglik[333]     1.0002273  1.0021462
loglik[334]     1.0001178  1.0016815
loglik[335]     1.0001860  1.0009417
loglik[336]     1.0024415  1.0094483
loglik[337]     1.0008772  1.0044293
loglik[338]     0.9997634  1.0000725
loglik[339]     1.0036198  1.0142219
loglik[34]      1.0017513  1.0074607
loglik[340]     1.0010508  1.0039374
loglik[341]     1.0013504  1.0057100
loglik[342]     0.9999904  1.0010807
loglik[343]     0.9999210  1.0007315
loglik[344]     1.0037982  1.0149161
loglik[345]     0.9999505  1.0007239
loglik[346]     1.0026233  1.0101805
loglik[347]     1.0040607  1.0158940
loglik[348]     1.0005985  1.0026741
loglik[349]     1.0036265  1.0137293
loglik[35]      1.0013314  1.0044900
loglik[350]     1.0015712  1.0045079
loglik[351]     1.0001741  1.0013508
loglik[352]     1.0004469  1.0016284
loglik[36]      1.0044637  1.0149927
loglik[37]      1.0029017  1.0101388
loglik[38]      1.0017304  1.0066064
loglik[39]      1.0000353  1.0014421
loglik[4]       1.0006120  1.0035808
loglik[40]      1.0002589  1.0020113
loglik[41]      1.0001183  1.0008191
loglik[42]      0.9998344  1.0005012
loglik[43]      1.0013197  1.0046924
loglik[44]      1.0004626  1.0026907
loglik[45]      1.0001130  1.0016584
loglik[46]      1.0010830  1.0038961
loglik[47]      1.0024090  1.0076299
loglik[48]      1.0003723  1.0011513
loglik[49]      1.0021209  1.0022214
loglik[5]       1.0011655  1.0045918
loglik[50]      1.0017706  1.0046293
loglik[51]      1.0038166  1.0125948
loglik[52]      1.0011930  1.0049633
loglik[53]      1.0004340  1.0028403
loglik[54]      1.0030929  1.0047713
loglik[55]      1.0012241  1.0050261
loglik[56]      1.0010934  1.0048389
loglik[57]      1.0001006  1.0016053
loglik[58]      1.0006187  1.0030267
loglik[59]      1.0011233  1.0052627
loglik[6]       1.0016473  1.0059044
loglik[60]      1.0038504  1.0142181
loglik[61]      0.9997368  0.9998203
loglik[62]      0.9999617  1.0000387
loglik[63]      0.9999453  1.0004381
loglik[64]      1.0006782  1.0028808
loglik[65]      1.0047718  1.0177665
loglik[66]      1.0004192  1.0027583
loglik[67]      1.0008662  1.0036924
loglik[68]      1.0030616  1.0103098
loglik[69]      1.0037869  1.0136364
loglik[7]       1.0021978  1.0088838
loglik[70]      1.0009615  1.0044055
loglik[71]      1.0005268  1.0030108
loglik[72]      1.0013853  1.0050505
loglik[73]      1.0020549  1.0040555
loglik[74]      1.0022231  1.0079181
loglik[75]      1.0013772  1.0028086
loglik[76]      1.0016119  1.0035356
loglik[77]      1.0015180  1.0058505
loglik[78]      1.0011407  1.0030505
loglik[79]      1.0003963  1.0016207
loglik[8]       1.0007940  1.0036343
loglik[80]      1.0010223  1.0038003
loglik[81]      1.0025881  1.0075969
loglik[82]      1.0038178  1.0135159
loglik[83]      1.0018270  1.0030005
loglik[84]      1.0018957  1.0071255
loglik[85]      1.0035638  1.0138308
loglik[86]      1.0017652  1.0073591
loglik[87]      0.9998679  1.0000146
loglik[88]      1.0000078  1.0002622
loglik[89]      1.0002538  1.0014684
loglik[9]       1.0019554  1.0064179
loglik[90]      0.9999078  1.0000747
loglik[91]      0.9998632  1.0003020
loglik[92]      1.0015579  1.0069102
loglik[93]      1.0011630  1.0055025
loglik[94]      1.0002001  1.0006812
loglik[95]      1.0002753  1.0018261
loglik[96]      1.0017855  1.0075885
loglik[97]      1.0003535  1.0022807
loglik[98]      1.0013529  1.0028290
loglik[99]      1.0002778  1.0015024
p.global[1]     1.0027859  1.0087884
p.global[2]     1.0041321  1.0113930
p.global[3]     1.0060030  1.0181348
resid.prop[1]   1.0051100  1.0194722
resid.prop[2]   1.0034822  1.0135509

################################################################################
# Geweke Diagnostic
################################################################################

The Geweke diagnostic is a standard z-score, so we'd expect 5% to be outside +/-1.96
Number of variables outside +/-1.96 in each chain (out of 
434
):


       Chain 1 Chain 2 Chain 3
Geweke      26     166      21


And here are the Geweke diagnostics for all variables:

               chain1 chain2 chain3
deviance       -0.266 -2.105 -2.509
ilr.fac1[10,1] -2.365  2.305 -0.684
ilr.fac1[10,2] -0.392  3.538  0.486
ilr.fac1[11,1] -2.896 -0.326  0.872
ilr.fac1[11,2] -0.285 -1.136  1.357
ilr.fac1[12,1] -0.641  3.241  0.582
ilr.fac1[12,2] -0.976  1.142  0.026
ilr.fac1[13,1]  0.342  0.327  0.690
ilr.fac1[13,2]  0.241 -1.428 -0.333
ilr.fac1[14,1]  0.012 -0.582  0.358
ilr.fac1[14,2] -1.717  1.097 -1.468
ilr.fac1[15,1]  1.085  1.496  1.733
ilr.fac1[15,2] -0.239  0.790  0.781
ilr.fac1[16,1] -0.956  0.357 -1.018
ilr.fac1[16,2] -1.317  1.330 -0.699
ilr.fac1[17,1]  0.732  1.031  0.172
ilr.fac1[17,2]  0.478  1.871  0.320
ilr.fac1[18,1]  0.845 -0.158 -0.250
ilr.fac1[18,2] -0.535  1.826 -1.296
ilr.fac1[19,1]  0.735  1.449  0.081
ilr.fac1[19,2] -0.725  0.713 -0.108
ilr.fac1[2,1]  -1.286 -0.191  2.419
ilr.fac1[2,2]  -2.151  0.515 -0.557
ilr.fac1[20,1] -0.406  0.793  1.933
ilr.fac1[20,2] -1.625  3.458  0.867
ilr.fac1[21,1] -0.953  1.749 -0.003
ilr.fac1[21,2] -1.039  2.949 -1.333
ilr.fac1[22,1] -0.419  2.101  0.888
ilr.fac1[22,2] -0.818 -0.146 -1.301
ilr.fac1[23,1] -1.305 -0.358  0.270
ilr.fac1[23,2] -0.680  0.126  0.740
ilr.fac1[24,1]  0.024  2.942  0.653
ilr.fac1[24,2] -0.336  1.467  0.326
ilr.fac1[25,1] -1.464 -1.580  1.006
ilr.fac1[25,2] -0.509 -0.988  0.825
ilr.fac1[26,1]  0.927 -1.942  1.115
ilr.fac1[26,2]  0.790 -2.680  0.638
ilr.fac1[27,1] -1.897  2.064 -0.103
ilr.fac1[27,2] -0.002  3.483 -1.249
ilr.fac1[28,1] -1.080 -1.412  2.920
ilr.fac1[28,2]  0.215  2.715  0.363
ilr.fac1[29,1] -1.689  2.093 -1.138
ilr.fac1[29,2] -0.389  1.783 -0.439
ilr.fac1[3,1]  -0.238 -1.358 -0.127
ilr.fac1[3,2]   0.811 -0.759 -1.144
ilr.fac1[30,1] -1.970  2.099  2.295
ilr.fac1[30,2]  0.145  3.882 -0.875
ilr.fac1[31,1] -0.588  0.593 -1.041
ilr.fac1[31,2] -0.515  0.885 -1.339
ilr.fac1[32,1] -0.003  2.534 -1.706
ilr.fac1[32,2] -1.448  2.506  0.968
ilr.fac1[33,1] -0.717  1.562  0.880
ilr.fac1[33,2] -0.917  2.117  0.141
ilr.fac1[34,1] -0.724  0.452  0.980
ilr.fac1[34,2] -0.477  1.305  0.180
ilr.fac1[4,1]  -0.111  1.824 -0.179
ilr.fac1[4,2]  -0.441  1.846 -0.382
ilr.fac1[5,1]  -2.101  1.686  1.449
ilr.fac1[5,2]  -0.002  1.121  0.397
ilr.fac1[6,1]  -1.086  3.350  0.656
ilr.fac1[6,2]  -0.821  1.350  0.353
ilr.fac1[7,1]  -0.900  1.875  0.856
ilr.fac1[7,2]   1.721  1.283  1.116
ilr.fac1[8,1]  -0.500  3.959 -1.074
ilr.fac1[8,2]   0.159  2.230 -0.065
ilr.fac1[9,1]  -0.349  0.981  0.337
ilr.fac1[9,2]  -0.509  3.694 -0.582
ilr.fac2[2,1]   2.722 -1.445 -0.448
ilr.fac2[2,2]   1.189 -1.025  1.532
ilr.fac2[3,1]   0.312 -2.253  0.375
ilr.fac2[3,2]   1.986 -2.657  1.160
ilr.global[1]   0.321 -0.788 -0.431
ilr.global[2]  -0.391 -1.432 -0.197
loglik[1]       0.546 -0.769 -1.057
loglik[10]      1.095  1.428 -0.658
loglik[100]     0.504 -1.372 -0.255
loglik[101]     0.015  1.261 -0.170
loglik[102]    -0.015  2.347 -0.138
loglik[103]     0.136  2.707  0.106
loglik[104]     0.059  2.640  0.079
loglik[105]     0.546  0.689 -0.829
loglik[106]     0.398 -0.582 -0.073
loglik[107]     0.507  0.625 -1.136
loglik[108]    -1.228  1.657 -0.061
loglik[109]    -0.811  2.846 -0.458
loglik[11]     -0.179  1.123  0.577
loglik[110]     0.044  2.486 -0.761
loglik[111]     1.369 -2.632  1.034
loglik[112]    -0.042  2.570 -0.711
loglik[113]    -0.187  1.841  0.404
loglik[114]     0.401 -2.138  1.431
loglik[115]    -0.118  1.072  2.113
loglik[116]     1.182 -1.831 -0.624
loglik[117]     0.824 -0.427 -0.880
loglik[118]     1.218 -0.767 -0.634
loglik[119]     0.019 -1.271 -2.213
loglik[12]     -1.263  2.169 -0.574
loglik[120]    -1.541 -1.059 -0.906
loglik[121]     3.530  0.327  0.010
loglik[122]    -0.378  2.811 -0.125
loglik[123]    -0.408  1.840  0.887
loglik[124]     0.171  0.515  0.153
loglik[125]     2.179  1.491 -0.716
loglik[126]    -2.367  1.920  0.318
loglik[127]    -1.047  0.647  1.193
loglik[128]     2.499  1.770 -0.145
loglik[129]    -1.740 -0.225  0.919
loglik[13]     -1.007  2.046 -0.627
loglik[130]    -0.447  1.882  1.600
loglik[131]    -0.937  2.058  1.269
loglik[132]    -0.826  1.151  1.169
loglik[133]    -0.199  1.369 -0.647
loglik[134]     0.577  0.590  1.362
loglik[135]    -1.993  0.659  0.168
loglik[136]    -0.404 -0.688 -0.697
loglik[137]    -1.038 -0.702 -0.493
loglik[138]     0.158  3.336  1.338
loglik[139]    -0.279 -0.326  0.804
loglik[14]     -0.997  2.041 -0.626
loglik[140]     1.481  2.122 -0.299
loglik[141]     1.063  3.937  2.487
loglik[142]    -0.625  2.601  1.672
loglik[143]     0.212 -1.478  0.389
loglik[144]    -2.361  1.993 -0.779
loglik[145]     1.913 -0.348  1.846
loglik[146]    -1.175  1.558 -0.834
loglik[147]    -0.145  3.929 -0.222
loglik[148]     1.767 -2.365  2.322
loglik[149]     0.283  1.058  0.387
loglik[15]     -0.984  2.208 -1.813
loglik[150]     1.025  1.150  0.156
loglik[151]     1.329  1.714  0.840
loglik[152]     1.301  1.756  0.502
loglik[153]    -2.077  0.897 -0.604
loglik[154]    -1.082 -0.046 -0.318
loglik[155]     0.023 -0.396  0.530
loglik[156]    -0.021  1.941 -0.428
loglik[157]    -0.629  2.575 -0.574
loglik[158]    -0.411  4.676 -0.836
loglik[159]     1.576  0.586  0.476
loglik[16]     -0.676  0.884  1.316
loglik[160]    -0.366 -0.512 -0.257
loglik[161]    -1.827  2.525  0.584
loglik[162]     0.449  5.101  1.652
loglik[163]    -0.719  2.121  0.772
loglik[164]    -0.206 -0.654 -0.461
loglik[165]     1.264 -3.140  1.054
loglik[166]     0.710 -2.121  0.329
loglik[167]     1.041 -2.641  1.425
loglik[168]     0.028  2.036  1.266
loglik[169]    -0.233 -2.202  0.704
loglik[17]     -1.928  3.193 -0.602
loglik[170]    -0.058 -2.409 -0.239
loglik[171]    -0.364  2.727 -0.607
loglik[172]    -1.298  2.200 -0.427
loglik[173]    -0.119 -2.835 -0.220
loglik[174]     1.051 -2.623 -0.357
loglik[175]     1.067 -1.230 -0.240
loglik[176]     1.550 -0.198 -0.281
loglik[177]     0.713 -3.053 -0.481
loglik[178]     2.789 -1.212  0.184
loglik[179]     0.009  2.374 -0.814
loglik[18]     -1.638  1.782 -0.672
loglik[180]     0.149 -2.735 -0.026
loglik[181]    -1.277  1.034 -0.171
loglik[182]    -0.012 -0.185  0.467
loglik[183]    -1.441  2.435  1.876
loglik[184]     0.326  0.129  0.737
loglik[185]    -0.988  1.542  1.253
loglik[186]    -0.881  0.734 -0.184
loglik[187]     1.151 -0.333  1.015
loglik[188]    -1.697  1.384  0.518
loglik[189]    -1.319  1.364 -0.214
loglik[19]     -0.773  2.251  0.016
loglik[190]    -2.083  1.360  0.118
loglik[191]    -1.376  2.786  0.523
loglik[192]     0.034  0.692  0.548
loglik[193]     1.250 -1.350  0.253
loglik[194]    -0.626  2.325 -0.643
loglik[195]     0.646 -1.894  0.676
loglik[196]     0.635 -1.822  0.772
loglik[197]     0.602 -1.835  0.761
loglik[198]     1.614 -2.300 -0.087
loglik[199]     0.567 -1.994  1.594
loglik[2]       1.116 -1.305  0.369
loglik[20]     -1.571  2.124 -0.624
loglik[200]     0.284 -2.361  2.104
loglik[201]     0.002 -1.790  2.347
loglik[202]     0.300 -1.930  1.630
loglik[203]     0.432 -2.681  1.908
loglik[204]     0.359 -1.929  1.500
loglik[205]     1.286 -3.465  0.824
loglik[206]     0.986 -3.981  0.856
loglik[207]     1.257 -3.565  0.793
loglik[208]     1.235 -3.459  0.855
loglik[209]     0.762 -3.391  1.214
loglik[21]      0.717 -1.414  2.704
loglik[210]     0.997 -3.802  1.060
loglik[211]    -1.066 -1.651  0.103
loglik[212]    -0.941 -1.400 -0.292
loglik[213]    -1.228 -1.777  0.135
loglik[214]    -1.049 -1.710 -0.147
loglik[215]    -0.763 -1.532  0.281
loglik[216]    -1.339 -2.080  0.000
loglik[217]    -1.068 -1.765 -0.132
loglik[218]    -0.893 -2.182  0.031
loglik[219]     0.499 -1.279  0.869
loglik[22]      0.137 -0.291  1.350
loglik[220]    -0.602 -1.696  0.220
loglik[221]    -0.929 -1.359  0.155
loglik[222]     2.698  0.222  1.407
loglik[223]    -1.963  0.223  0.137
loglik[224]     0.696  0.767  1.409
loglik[225]     1.795  0.551  1.710
loglik[226]     1.856  0.688  1.745
loglik[227]     0.875  3.999  0.752
loglik[228]     0.958  1.538  0.243
loglik[229]     0.529  4.165  0.704
loglik[23]      0.191  0.628 -0.500
loglik[230]     0.910  3.780  1.038
loglik[231]    -0.079  2.151  1.268
loglik[232]     0.657  3.943  0.433
loglik[233]     0.651 -3.512  0.777
loglik[234]     0.803 -0.800 -0.446
loglik[235]    -0.870  2.012 -0.514
loglik[236]    -0.333  0.000  0.147
loglik[237]    -0.666  4.077 -1.039
loglik[238]    -0.899  1.254  0.032
loglik[239]    -0.724  2.909 -0.803
loglik[24]     -0.615  1.922  0.112
loglik[240]    -1.292  2.167 -0.041
loglik[241]     0.844 -0.804 -0.823
loglik[242]     0.657  1.099 -1.546
loglik[243]     0.557  1.351 -1.434
loglik[244]    -1.874  1.544  0.926
loglik[245]    -1.849  1.346  0.974
loglik[246]     0.873  1.063 -0.295
loglik[247]     0.026 -0.075 -0.232
loglik[248]     1.357  0.553 -0.175
loglik[249]     1.209 -0.775 -0.099
loglik[25]     -0.364  0.248  1.025
loglik[250]     1.538 -0.659  0.184
loglik[251]     1.340  1.002 -0.154
loglik[252]    -1.676  0.535 -0.647
loglik[253]     0.655  0.984 -1.598
loglik[254]    -0.663  1.998 -0.618
loglik[255]    -1.455  1.671 -0.035
loglik[256]    -1.642  1.679  1.595
loglik[257]    -0.224  2.033 -0.945
loglik[258]    -1.553  2.829 -0.234
loglik[259]    -0.461  2.877 -0.460
loglik[26]     -0.134  0.400  0.806
loglik[260]    -0.116 -1.063  1.740
loglik[261]    -0.224  1.385  0.084
loglik[262]    -0.158  0.157  0.439
loglik[263]    -1.508  1.078  0.140
loglik[264]    -1.252  0.945  0.188
loglik[265]     0.991 -1.434  0.071
loglik[266]    -0.931  1.794 -0.092
loglik[267]    -0.425 -2.003 -0.733
loglik[268]    -0.732  0.737  0.774
loglik[269]    -0.549 -2.205 -0.471
loglik[27]     -1.157  0.264  0.405
loglik[270]    -0.109  1.358 -0.448
loglik[271]    -0.632 -0.374  2.134
loglik[272]    -0.885  2.262 -1.367
loglik[273]     0.563 -1.063 -0.077
loglik[274]    -1.015  0.406 -0.955
loglik[275]     0.750  0.775 -0.758
loglik[276]     0.919 -2.290  1.552
loglik[277]    -0.419 -0.135  0.347
loglik[278]     0.259  0.748 -0.747
loglik[279]     1.059 -2.357  1.426
loglik[28]     -0.612 -0.203  0.851
loglik[280]     0.645  0.772 -0.680
loglik[281]     1.549 -0.983 -0.469
loglik[282]     0.223 -2.577 -0.257
loglik[283]     0.178 -2.244  1.127
loglik[284]     2.380  0.202  2.842
loglik[285]     0.198 -2.649  0.161
loglik[286]     2.658  0.245  2.781
loglik[287]    -0.879  2.753  1.481
loglik[288]    -0.844  3.310  1.077
loglik[289]     0.173 -0.023  0.589
loglik[29]      1.701 -0.539  0.574
loglik[290]    -0.929  1.290  0.224
loglik[291]    -0.999  1.277  0.716
loglik[292]    -0.952  1.578  0.895
loglik[293]     0.056  1.505  1.061
loglik[294]    -0.022  2.649  1.293
loglik[295]    -0.232  2.507  1.273
loglik[296]    -1.130  1.223  0.438
loglik[297]     0.995 -2.933  0.313
loglik[298]     0.783 -2.686  0.207
loglik[299]     1.791 -2.089  0.829
loglik[3]       2.877 -3.462  0.270
loglik[30]     -1.061 -1.755  0.228
loglik[300]     1.668 -3.263  0.859
loglik[301]     0.948 -2.719  0.375
loglik[302]    -0.018  2.711  1.540
loglik[303]     0.138  2.601  1.325
loglik[304]     0.361  2.095  0.832
loglik[305]     0.712 -1.557 -0.076
loglik[306]     0.689 -1.311 -0.040
loglik[307]     0.895 -1.083 -1.072
loglik[308]    -0.844 -0.118 -0.505
loglik[309]    -0.215 -0.091 -1.117
loglik[31]      1.613  1.755  3.750
loglik[310]    -0.228  0.006 -1.455
loglik[311]    -0.263  0.996  1.068
loglik[312]    -0.001  2.617  0.813
loglik[313]    -0.702  2.125  0.797
loglik[314]    -0.082  2.921  0.763
loglik[315]     0.192  2.401 -1.093
loglik[316]     0.636  2.596 -0.906
loglik[317]    -0.428  3.980 -0.310
loglik[318]    -0.118  3.644 -0.939
loglik[319]    -0.062  3.822 -0.932
loglik[32]     -0.078  1.365  1.789
loglik[320]    -1.200  1.950 -0.577
loglik[321]     0.267  3.393 -0.176
loglik[322]    -0.265  1.122 -0.384
loglik[323]     0.122  1.465 -0.319
loglik[324]    -0.327  1.916  0.058
loglik[325]     0.331  0.167  1.231
loglik[326]    -0.600  2.199  0.625
loglik[327]    -0.600  1.511  0.437
loglik[328]    -0.468  2.497  0.062
loglik[329]    -1.180  1.727  0.690
loglik[33]      0.182  0.234 -1.898
loglik[330]     0.197 -1.766  0.556
loglik[331]    -0.019 -3.036 -0.690
loglik[332]     1.053 -3.681  0.345
loglik[333]    -1.929  2.741 -0.869
loglik[334]    -1.998  2.504 -0.465
loglik[335]     0.588 -3.501  0.431
loglik[336]     0.292  0.572  0.453
loglik[337]    -0.995  2.052  0.117
loglik[338]     0.462 -0.550  2.244
loglik[339]    -0.018  2.624  0.228
loglik[34]      0.274 -0.485 -2.660
loglik[340]     0.160  1.811 -0.594
loglik[341]     0.134  1.704 -0.389
loglik[342]     1.525 -1.208  0.394
loglik[343]     1.828 -1.150  0.431
loglik[344]     0.585 -2.156  0.553
loglik[345]     0.877 -1.570  1.455
loglik[346]     1.328 -3.162  0.413
loglik[347]    -0.775 -2.413  0.557
loglik[348]     1.317 -0.134  0.407
loglik[349]     0.234 -2.405  0.713
loglik[35]     -0.138  0.990  0.091
loglik[350]    -0.537  0.731 -0.053
loglik[351]     0.963 -1.706  1.415
loglik[352]     0.130 -0.774  0.746
loglik[36]      0.930  2.390 -0.436
loglik[37]     -0.805  1.134  0.153
loglik[38]      0.765 -2.164 -0.163
loglik[39]     -1.935  0.019  2.409
loglik[4]       2.551 -3.345 -0.074
loglik[40]      0.301 -0.850  1.424
loglik[41]     -0.281 -0.153 -1.222
loglik[42]     -1.277 -0.640  0.291
loglik[43]     -1.377  0.875 -0.937
loglik[44]      0.288 -0.242  0.205
loglik[45]      0.603  0.133  1.128
loglik[46]      0.009  2.333  0.554
loglik[47]      0.598 -3.576  0.330
loglik[48]     -0.116 -1.085 -0.115
loglik[49]     -0.352  1.410 -0.317
loglik[5]      -2.627 -0.011 -0.480
loglik[50]     -1.203 -1.956  1.739
loglik[51]      1.121 -1.810 -0.605
loglik[52]      1.620  2.113 -1.121
loglik[53]      0.812  2.452 -0.860
loglik[54]     -0.287  0.673  1.501
loglik[55]     -1.376  0.819  0.598
loglik[56]      0.280  2.431 -0.411
loglik[57]      1.134  1.648  0.137
loglik[58]      0.954  2.270 -0.805
loglik[59]      1.608  1.783 -0.794
loglik[6]      -2.995  0.333 -0.421
loglik[60]      0.675 -1.890 -0.186
loglik[61]     -0.962 -3.773 -1.334
loglik[62]     -0.991 -3.589 -1.422
loglik[63]     -0.405 -4.188 -1.086
loglik[64]      1.126  3.574  2.736
loglik[65]      0.399  3.115  0.822
loglik[66]     -0.257  0.882 -0.906
loglik[67]     -0.696  2.126 -1.470
loglik[68]     -0.873  2.435  0.133
loglik[69]      0.067  3.015  1.103
loglik[7]      -2.660  0.281 -1.185
loglik[70]     -1.331  2.361  0.323
loglik[71]     -1.117  2.707  0.355
loglik[72]     -0.158  2.712 -2.051
loglik[73]      0.913 -2.774 -1.081
loglik[74]      0.053  4.301 -1.680
loglik[75]     -0.941 -1.321  0.379
loglik[76]     -0.736 -1.415  0.534
loglik[77]     -0.709  2.362 -0.661
loglik[78]     -0.441  0.784 -1.632
loglik[79]     -0.578  1.195 -1.728
loglik[8]      -1.258  0.427 -0.440
loglik[80]      1.365  1.809  0.712
loglik[81]     -0.227  2.144  0.615
loglik[82]     -0.766  3.701 -0.805
loglik[83]     -0.271 -0.019  0.153
loglik[84]     -0.777 -0.791  0.638
loglik[85]     -0.466 -1.368  2.487
loglik[86]     -1.456 -0.833  1.659
loglik[87]     -1.189  0.786 -1.953
loglik[88]      0.840  1.154  1.262
loglik[89]      0.915  2.130  1.230
loglik[9]      -0.086  0.718  1.199
loglik[90]      1.274 -0.930  0.743
loglik[91]      1.259  0.561  1.491
loglik[92]     -0.321 -1.270  1.245
loglik[93]     -0.607 -1.434  1.496
loglik[94]     -0.211  2.717 -0.053
loglik[95]     -0.599 -1.212  0.413
loglik[96]     -0.612 -1.419  0.727
loglik[97]     -0.074 -0.168  1.391
loglik[98]     -0.426 -0.547  0.213
loglik[99]      1.412  1.761 -0.481
p.global[1]    -0.414 -1.322 -1.021
p.global[2]    -0.043 -0.871  0.053
p.global[3]     0.192  1.246  0.180
resid.prop[1]   1.321 -1.820  0.199
resid.prop[2]  -0.030  2.041 -0.497
