
################################################################################
# Gelman-Rubin Diagnostic
################################################################################

Generally the Gelman diagnostic should be < 1.05


Out of 334 variables: 1 > 1.01

                      
0 > 1.05

                      
0 > 1.1


The worst variables are:

              Point est. Upper C.I.
loglik[109]     1.016193   1.020391
loglik[73]      1.009130   1.011996
p.global[1]     1.007128   1.018931
p.global[2]     1.006698   1.018934
loglik[34]      1.006566   1.014364
loglik[74]      1.006509   1.007484
loglik[160]     1.006222   1.009516
loglik[53]      1.005896   1.013385
ilr.global[2]   1.005433   1.006645
loglik[58]      1.005260   1.008199


And here are the Gelman diagnostics for all variables:

               Point est. Upper C.I.
deviance        0.9999735  1.0011170
ilr.fac1[1,1]         NaN        NaN
ilr.fac1[1,2]         NaN        NaN
ilr.fac1[10,1]  1.0008574  1.0032108
ilr.fac1[10,2]  1.0030689  1.0082063
ilr.fac1[11,1]  1.0040907  1.0131322
ilr.fac1[11,2]  1.0015287  1.0051723
ilr.fac1[12,1]  1.0008762  1.0045443
ilr.fac1[12,2]  1.0011961  1.0028240
ilr.fac1[13,1]  1.0009460  1.0024356
ilr.fac1[13,2]  0.9999148  1.0007639
ilr.fac1[14,1]  1.0004535  1.0019020
ilr.fac1[14,2]  1.0010343  1.0024477
ilr.fac1[15,1]  1.0015833  1.0063947
ilr.fac1[15,2]  1.0003608  1.0020648
ilr.fac1[16,1]  1.0011022  1.0031687
ilr.fac1[16,2]  1.0015920  1.0051417
ilr.fac1[17,1]  0.9999895  1.0008247
ilr.fac1[17,2]  1.0002043  1.0008684
ilr.fac1[18,1]  1.0011685  1.0041604
ilr.fac1[18,2]  1.0003651  1.0019094
ilr.fac1[19,1]  1.0003670  1.0023934
ilr.fac1[19,2]  1.0010191  1.0021499
ilr.fac1[2,1]   1.0026965  1.0100760
ilr.fac1[2,2]   1.0010491  1.0042123
ilr.fac1[20,1]  0.9998818  1.0004522
ilr.fac1[20,2]  0.9999497  1.0003125
ilr.fac1[21,1]  1.0039355  1.0138727
ilr.fac1[21,2]  0.9996852  0.9997639
ilr.fac1[22,1]  0.9999183  0.9999842
ilr.fac1[22,2]  1.0012314  1.0015761
ilr.fac1[23,1]  1.0036763  1.0078481
ilr.fac1[23,2]  1.0016165  1.0044012
ilr.fac1[24,1]  1.0014564  1.0054189
ilr.fac1[24,2]  0.9997467  0.9998370
ilr.fac1[25,1]  1.0012275  1.0027360
ilr.fac1[25,2]  1.0003173  1.0018744
ilr.fac1[26,1]  1.0021394  1.0082134
ilr.fac1[26,2]  0.9999531  1.0011172
ilr.fac1[27,1]  1.0002284  1.0018791
ilr.fac1[27,2]  1.0001104  1.0009376
ilr.fac1[28,1]  1.0007118  1.0018071
ilr.fac1[28,2]  1.0006763  1.0012044
ilr.fac1[29,1]  1.0007157  1.0019004
ilr.fac1[29,2]  1.0003271  1.0009021
ilr.fac1[3,1]   1.0016769  1.0068019
ilr.fac1[3,2]   1.0005592  1.0029841
ilr.fac1[30,1]  1.0008715  1.0019731
ilr.fac1[30,2]  1.0013223  1.0034496
ilr.fac1[31,1]  1.0000473  1.0005627
ilr.fac1[31,2]  1.0013630  1.0013647
ilr.fac1[32,1]  0.9996928  1.0001682
ilr.fac1[32,2]  1.0004782  1.0007619
ilr.fac1[33,1]  1.0003173  1.0019581
ilr.fac1[33,2]  1.0005649  1.0013535
ilr.fac1[34,1]  0.9999036  1.0001789
ilr.fac1[34,2]  0.9996130  0.9997879
ilr.fac1[4,1]   1.0002371  1.0019863
ilr.fac1[4,2]   1.0003237  1.0022264
ilr.fac1[5,1]   1.0009505  1.0042291
ilr.fac1[5,2]   0.9998459  1.0007606
ilr.fac1[6,1]   1.0001061  1.0011770
ilr.fac1[6,2]   1.0015782  1.0061105
ilr.fac1[7,1]   1.0016558  1.0063702
ilr.fac1[7,2]   0.9997537  1.0003909
ilr.fac1[8,1]   1.0020597  1.0087957
ilr.fac1[8,2]   1.0002191  1.0009341
ilr.fac1[9,1]   0.9996382  0.9996588
ilr.fac1[9,2]   0.9995669  0.9995978
ilr.fac2[1,1]         NaN        NaN
ilr.fac2[1,2]         NaN        NaN
ilr.fac2[2,1]   1.0022713  1.0082528
ilr.fac2[2,2]   1.0004537  1.0027234
ilr.fac2[3,1]   1.0018169  1.0044764
ilr.fac2[3,2]   1.0017071  1.0036381
ilr.global[1]   1.0050577  1.0144095
ilr.global[2]   1.0054329  1.0066449
loglik[1]       1.0000973  1.0012808
loglik[10]      0.9995991  0.9998621
loglik[100]     1.0003605  1.0017182
loglik[101]     1.0011041  1.0037363
loglik[102]     1.0006244  1.0012541
loglik[103]     0.9999982  1.0004616
loglik[104]     0.9999218  1.0007493
loglik[105]     1.0011993  1.0042408
loglik[106]     0.9998664  1.0001411
loglik[107]     1.0000078  1.0001473
loglik[108]     1.0013828  1.0017686
loglik[109]     1.0161930  1.0203906
loglik[11]      0.9996019  0.9998713
loglik[110]     1.0024261  1.0036502
loglik[111]     1.0000548  1.0009272
loglik[112]     1.0043823  1.0078319
loglik[113]     1.0037964  1.0128934
loglik[114]     1.0011157  1.0034274
loglik[115]     1.0003835  1.0007194
loglik[116]     0.9998533  1.0004094
loglik[117]     1.0022112  1.0035410
loglik[118]     1.0020048  1.0035036
loglik[119]     1.0011909  1.0043673
loglik[12]      1.0013424  1.0026970
loglik[120]     0.9999014  1.0006778
loglik[121]     1.0043803  1.0054428
loglik[122]     1.0029517  1.0062388
loglik[123]     0.9997742  1.0002421
loglik[124]     1.0032643  1.0053935
loglik[125]     0.9996790  0.9997758
loglik[126]     0.9999336  1.0008555
loglik[127]     1.0007258  1.0016668
loglik[128]     0.9995706  0.9997414
loglik[129]     1.0009034  1.0022169
loglik[13]      0.9997288  1.0001806
loglik[130]     1.0002736  1.0017021
loglik[131]     1.0006226  1.0033823
loglik[132]     1.0009891  1.0046534
loglik[133]     1.0013883  1.0021244
loglik[134]     1.0045401  1.0121623
loglik[135]     1.0036000  1.0090415
loglik[136]     1.0031744  1.0122848
loglik[137]     1.0015929  1.0050569
loglik[138]     1.0016309  1.0038062
loglik[139]     1.0052154  1.0162967
loglik[14]      1.0011066  1.0038640
loglik[140]     1.0029449  1.0091635
loglik[141]     1.0025077  1.0063115
loglik[142]     1.0023225  1.0073454
loglik[143]     1.0004578  1.0018978
loglik[144]     1.0001248  1.0012742
loglik[145]     1.0001745  1.0012712
loglik[146]     1.0004917  1.0018264
loglik[147]     1.0004043  1.0017448
loglik[148]     1.0004093  1.0022467
loglik[149]     0.9999967  1.0009301
loglik[15]      1.0006851  1.0011278
loglik[150]     1.0005752  1.0027653
loglik[151]     1.0005694  1.0025561
loglik[152]     1.0003073  1.0014673
loglik[153]     1.0015664  1.0054390
loglik[154]     1.0006968  1.0029043
loglik[155]     1.0002761  1.0020637
loglik[156]     0.9999407  1.0003850
loglik[157]     1.0007800  1.0028936
loglik[158]     1.0012050  1.0031603
loglik[159]     1.0030210  1.0101750
loglik[16]      1.0011819  1.0015973
loglik[160]     1.0062218  1.0095162
loglik[161]     1.0032951  1.0044982
loglik[162]     1.0026922  1.0038524
loglik[163]     1.0019347  1.0067558
loglik[164]     1.0022450  1.0052435
loglik[165]     0.9999777  1.0011381
loglik[166]     1.0015230  1.0066347
loglik[167]     1.0008106  1.0009194
loglik[168]     1.0014818  1.0034497
loglik[169]     1.0013412  1.0035048
loglik[17]      1.0009943  1.0014314
loglik[170]     1.0049897  1.0075459
loglik[171]     1.0048953  1.0128523
loglik[172]     1.0029990  1.0116669
loglik[173]     1.0044671  1.0081446
loglik[174]     1.0002471  1.0011209
loglik[175]     1.0010456  1.0023173
loglik[176]     0.9998765  1.0005350
loglik[177]     0.9995546  0.9995786
loglik[178]     0.9995586  0.9996548
loglik[179]     0.9998869  1.0000858
loglik[18]      1.0003610  1.0005299
loglik[180]     1.0000559  1.0006005
loglik[181]     1.0001667  1.0007328
loglik[182]     1.0000285  1.0001435
loglik[183]     0.9999525  1.0007316
loglik[184]     1.0003279  1.0015530
loglik[185]     0.9995166  0.9995231
loglik[186]     0.9997221  0.9999441
loglik[187]     1.0009985  1.0030253
loglik[188]     0.9997621  1.0003736
loglik[189]     0.9997683  1.0003456
loglik[19]      1.0002830  1.0021947
loglik[190]     1.0003399  1.0017228
loglik[191]     1.0002724  1.0014073
loglik[192]     0.9999107  1.0007197
loglik[193]     0.9996258  0.9997486
loglik[194]     1.0018543  1.0027677
loglik[195]     1.0009966  1.0023637
loglik[196]     0.9998227  1.0006620
loglik[197]     1.0014192  1.0062192
loglik[198]     1.0024124  1.0087562
loglik[199]     1.0005011  1.0012988
loglik[2]       1.0001490  1.0016297
loglik[20]      1.0002903  1.0023149
loglik[200]     1.0037649  1.0078031
loglik[201]     0.9997327  1.0000853
loglik[202]     1.0039373  1.0045127
loglik[203]     1.0038312  1.0099427
loglik[204]     1.0016143  1.0070498
loglik[205]     1.0013923  1.0063865
loglik[206]     1.0003313  1.0022067
loglik[207]     1.0014213  1.0055226
loglik[208]     1.0012223  1.0048857
loglik[209]     1.0013684  1.0056803
loglik[21]      1.0009407  1.0024295
loglik[210]     1.0050547  1.0091570
loglik[211]     1.0013692  1.0043583
loglik[212]     1.0011626  1.0047091
loglik[213]     1.0011300  1.0046517
loglik[214]     1.0012427  1.0058536
loglik[215]     1.0009180  1.0044799
loglik[216]     1.0002588  1.0006161
loglik[217]     0.9996149  0.9997192
loglik[218]     0.9996689  0.9997585
loglik[219]     1.0014967  1.0066357
loglik[22]      1.0012508  1.0039330
loglik[220]     1.0018974  1.0028506
loglik[221]     1.0015822  1.0024533
loglik[222]     0.9998665  0.9999816
loglik[223]     0.9997930  1.0000739
loglik[224]     0.9997882  1.0001847
loglik[225]     0.9999543  1.0008191
loglik[226]     1.0007876  1.0010793
loglik[227]     0.9997915  1.0004688
loglik[228]     1.0007112  1.0032330
loglik[229]     1.0003724  1.0012523
loglik[23]      1.0012032  1.0038955
loglik[230]     1.0001491  1.0009170
loglik[231]     0.9998591  1.0002678
loglik[232]     1.0004433  1.0004528
loglik[233]     1.0033261  1.0095479
loglik[234]     1.0008812  1.0014320
loglik[235]     1.0009388  1.0015912
loglik[236]     1.0004564  1.0024106
loglik[237]     1.0026096  1.0050362
loglik[238]     1.0013296  1.0041088
loglik[239]     1.0013571  1.0060252
loglik[24]      1.0009022  1.0034910
loglik[240]     1.0003003  1.0020012
loglik[241]     1.0003315  1.0004927
loglik[242]     1.0006011  1.0012207
loglik[243]     1.0001930  1.0009512
loglik[244]     1.0026179  1.0074672
loglik[245]     1.0010127  1.0019799
loglik[246]     1.0021537  1.0033247
loglik[247]     0.9999827  1.0009596
loglik[248]     1.0008876  1.0014398
loglik[249]     1.0006094  1.0027444
loglik[25]      1.0018900  1.0065280
loglik[250]     1.0002845  1.0014091
loglik[251]     1.0001466  1.0005404
loglik[252]     1.0003172  1.0022355
loglik[26]      1.0001411  1.0018055
loglik[27]      1.0002304  1.0020698
loglik[28]      1.0008191  1.0013233
loglik[29]      0.9999664  1.0004706
loglik[3]       1.0016142  1.0041403
loglik[30]      1.0014335  1.0026651
loglik[31]      0.9999572  1.0002864
loglik[32]      1.0038600  1.0153501
loglik[33]      1.0005041  1.0010117
loglik[34]      1.0065656  1.0143635
loglik[35]      1.0010562  1.0042005
loglik[36]      1.0009471  1.0037696
loglik[37]      1.0001607  1.0012467
loglik[38]      1.0001046  1.0013122
loglik[39]      1.0017481  1.0067880
loglik[4]       1.0016777  1.0041513
loglik[40]      1.0006923  1.0038072
loglik[41]      1.0001152  1.0013392
loglik[42]      0.9998328  1.0001026
loglik[43]      1.0003450  1.0025665
loglik[44]      1.0015919  1.0068837
loglik[45]      0.9998636  0.9999180
loglik[46]      1.0015054  1.0054387
loglik[47]      0.9998651  0.9999424
loglik[48]      1.0001836  1.0012189
loglik[49]      1.0004939  1.0018942
loglik[5]       1.0007278  1.0021235
loglik[50]      0.9998474  0.9999244
loglik[51]      1.0001282  1.0016563
loglik[52]      1.0014297  1.0046934
loglik[53]      1.0058955  1.0133851
loglik[54]      1.0003652  1.0017901
loglik[55]      1.0045972  1.0101863
loglik[56]      0.9999716  1.0009062
loglik[57]      1.0001571  1.0015794
loglik[58]      1.0052601  1.0081988
loglik[59]      0.9999474  1.0009081
loglik[6]       1.0001878  1.0010932
loglik[60]      1.0010405  1.0037154
loglik[61]      1.0005826  1.0022520
loglik[62]      1.0000617  1.0008372
loglik[63]      0.9998392  1.0001856
loglik[64]      1.0005335  1.0024707
loglik[65]      1.0010251  1.0011030
loglik[66]      0.9995855  0.9997833
loglik[67]      1.0002321  1.0009289
loglik[68]      0.9999251  1.0002340
loglik[69]      1.0005531  1.0010634
loglik[7]       0.9999268  1.0007577
loglik[70]      1.0003485  1.0013829
loglik[71]      1.0001795  1.0005427
loglik[72]      1.0011665  1.0014195
loglik[73]      1.0091296  1.0119959
loglik[74]      1.0065090  1.0074845
loglik[75]      1.0013732  1.0020254
loglik[76]      1.0008274  1.0013984
loglik[77]      1.0003092  1.0010026
loglik[78]      1.0004230  1.0020852
loglik[79]      0.9999494  1.0005290
loglik[8]       0.9999451  1.0008314
loglik[80]      0.9997616  1.0001066
loglik[81]      1.0034541  1.0084664
loglik[82]      1.0002679  1.0005644
loglik[83]      1.0002876  1.0014601
loglik[84]      0.9997525  1.0001693
loglik[85]      0.9997261  1.0002141
loglik[86]      1.0030040  1.0046171
loglik[87]      1.0006126  1.0029491
loglik[88]      0.9998375  0.9998847
loglik[89]      1.0000612  1.0011126
loglik[9]       0.9995625  0.9997297
loglik[90]      0.9998848  1.0004446
loglik[91]      1.0004679  1.0029674
loglik[92]      1.0005921  1.0029154
loglik[93]      1.0014064  1.0028331
loglik[94]      1.0017825  1.0045442
loglik[95]      1.0005268  1.0027885
loglik[96]      0.9996926  1.0001891
loglik[97]      1.0012187  1.0024161
loglik[98]      1.0001024  1.0013376
loglik[99]      1.0016070  1.0028964
p.global[1]     1.0071281  1.0189313
p.global[2]     1.0066980  1.0189341
p.global[3]     1.0039449  1.0069387
resid.prop[1]   0.9997501  0.9997900
resid.prop[2]   0.9997133  1.0002687

################################################################################
# Geweke Diagnostic
################################################################################

The Geweke diagnostic is a standard z-score, so we'd expect 5% to be outside +/-1.96
Number of variables outside +/-1.96 in each chain (out of 
334
):


       Chain 1 Chain 2 Chain 3
Geweke       7      28      31


And here are the Geweke diagnostics for all variables:

               chain1 chain2 chain3
deviance       -0.140 -0.027  0.958
ilr.fac1[10,1] -0.426  1.876  0.249
ilr.fac1[10,2]  1.131  1.270  0.013
ilr.fac1[11,1]  0.677  0.822  1.382
ilr.fac1[11,2]  0.643 -0.878 -1.017
ilr.fac1[12,1]  0.454 -0.669  1.385
ilr.fac1[12,2]  0.451 -2.822 -0.820
ilr.fac1[13,1]  1.259  0.178 -0.228
ilr.fac1[13,2] -1.089 -1.141 -2.040
ilr.fac1[14,1]  1.445  1.594  1.019
ilr.fac1[14,2]  0.556  0.530 -1.381
ilr.fac1[15,1]  0.630  0.520  2.131
ilr.fac1[15,2]  2.864 -1.665 -1.409
ilr.fac1[16,1] -0.881 -0.078  1.080
ilr.fac1[16,2] -1.042 -1.560 -2.181
ilr.fac1[17,1]  0.659  1.142  0.747
ilr.fac1[17,2]  0.272  0.401 -0.590
ilr.fac1[18,1] -0.517 -0.463 -0.427
ilr.fac1[18,2]  0.079  0.792  0.447
ilr.fac1[19,1]  1.540  0.550  2.809
ilr.fac1[19,2]  1.034  0.814  0.354
ilr.fac1[2,1]   0.675  1.001  0.836
ilr.fac1[2,2]   0.069 -0.300 -1.031
ilr.fac1[20,1] -0.306  2.000  1.993
ilr.fac1[20,2] -0.342 -0.682 -0.494
ilr.fac1[21,1] -0.969  0.633 -0.445
ilr.fac1[21,2]  0.540  1.773 -0.423
ilr.fac1[22,1] -0.957 -1.063  0.075
ilr.fac1[22,2] -0.659 -2.197 -0.768
ilr.fac1[23,1] -1.135 -0.782 -0.418
ilr.fac1[23,2]  1.796 -2.192  0.962
ilr.fac1[24,1]  0.622  0.949  0.394
ilr.fac1[24,2]  0.343  0.691 -1.078
ilr.fac1[25,1] -0.404  0.517  0.340
ilr.fac1[25,2] -2.589  1.096  0.514
ilr.fac1[26,1] -0.404 -0.060  0.690
ilr.fac1[26,2]  0.691  0.220 -0.520
ilr.fac1[27,1]  0.440  0.172  0.953
ilr.fac1[27,2]  0.755 -0.446  0.264
ilr.fac1[28,1] -1.174 -0.597  0.316
ilr.fac1[28,2]  0.028 -1.762 -0.546
ilr.fac1[29,1]  0.737 -1.085  1.400
ilr.fac1[29,2]  0.847 -0.645  1.367
ilr.fac1[3,1]   0.110  1.371 -0.215
ilr.fac1[3,2]  -1.295 -0.305  0.779
ilr.fac1[30,1]  0.427 -1.402  1.212
ilr.fac1[30,2]  0.279  1.324 -1.130
ilr.fac1[31,1]  0.026 -0.874  0.098
ilr.fac1[31,2]  0.236  0.274  0.165
ilr.fac1[32,1] -0.017  0.467  1.025
ilr.fac1[32,2]  0.280  1.440 -0.127
ilr.fac1[33,1]  1.074  1.252  1.651
ilr.fac1[33,2] -1.799 -1.078  0.903
ilr.fac1[34,1] -0.423 -0.014  0.322
ilr.fac1[34,2] -1.026 -0.329 -0.612
ilr.fac1[4,1]  -0.205  0.535  2.634
ilr.fac1[4,2]   0.227  0.970 -0.847
ilr.fac1[5,1]   0.390 -0.911 -0.528
ilr.fac1[5,2]  -0.639  1.279 -0.255
ilr.fac1[6,1]  -1.081  0.495  0.248
ilr.fac1[6,2]  -0.008 -0.881 -1.955
ilr.fac1[7,1]   0.205  0.138  2.090
ilr.fac1[7,2]   0.522 -0.408 -1.542
ilr.fac1[8,1]   0.006 -0.120  0.780
ilr.fac1[8,2]  -0.788  0.269  1.944
ilr.fac1[9,1]   0.336 -1.566  0.303
ilr.fac1[9,2]   1.081 -0.219  0.934
ilr.fac2[2,1]   1.127 -0.403  0.236
ilr.fac2[2,2]   0.400 -2.211  0.628
ilr.fac2[3,1]  -1.006 -0.387 -0.006
ilr.fac2[3,2]   0.042 -1.824 -0.395
ilr.global[1]   0.330  0.073 -0.986
ilr.global[2]  -0.378  2.005  0.491
loglik[1]      -0.117 -1.705 -0.860
loglik[10]      1.020 -0.115 -0.181
loglik[100]     0.658 -0.935 -0.296
loglik[101]    -1.302  0.478 -1.218
loglik[102]     0.340  0.231  0.490
loglik[103]     1.686  0.675 -0.157
loglik[104]     0.564 -0.690 -0.754
loglik[105]    -0.110  1.236  0.040
loglik[106]    -1.125  1.113  0.699
loglik[107]     0.639  0.191 -0.799
loglik[108]    -1.653 -2.276 -1.129
loglik[109]     0.298 -1.919  0.440
loglik[11]      1.030 -0.100 -0.172
loglik[110]    -1.343 -1.549  0.567
loglik[111]     1.256 -0.116  0.540
loglik[112]     0.568  0.045 -0.160
loglik[113]    -0.323  0.865 -0.876
loglik[114]     0.592 -2.280 -2.293
loglik[115]     0.163  0.814  1.390
loglik[116]    -1.020 -1.302 -0.720
loglik[117]    -0.288 -0.150 -1.537
loglik[118]    -1.812  0.157 -1.325
loglik[119]    -0.765 -1.214  0.191
loglik[12]      0.707 -0.342  1.018
loglik[120]     0.691  0.158 -0.754
loglik[121]    -2.186  0.494  0.910
loglik[122]     0.232  0.195  1.314
loglik[123]    -0.107 -0.023 -0.650
loglik[124]     0.078  0.097  1.689
loglik[125]     0.501  0.700  0.750
loglik[126]     0.184  2.370 -0.742
loglik[127]     1.337 -1.059 -1.132
loglik[128]    -0.847 -0.835  0.463
loglik[129]     1.643 -1.076 -0.624
loglik[13]     -0.017 -0.323 -0.784
loglik[130]    -0.491 -0.248 -1.960
loglik[131]     1.142 -0.881  0.956
loglik[132]     1.046 -0.227  1.684
loglik[133]    -0.028  0.155 -0.695
loglik[134]    -0.531 -0.103 -1.075
loglik[135]    -0.116 -0.428 -0.881
loglik[136]     1.397  1.981  1.966
loglik[137]     0.540 -0.058  0.935
loglik[138]    -0.271 -1.069 -0.217
loglik[139]    -1.742 -1.182 -1.748
loglik[14]      0.186 -2.378  0.698
loglik[140]    -1.105 -0.078 -1.957
loglik[141]     0.508 -0.533  1.086
loglik[142]    -0.994  0.172 -1.907
loglik[143]    -1.089 -1.935 -1.089
loglik[144]    -0.726 -1.675 -1.483
loglik[145]    -0.888 -1.716 -1.408
loglik[146]    -1.347 -1.561 -1.097
loglik[147]    -1.083 -1.883 -1.147
loglik[148]     1.301  0.497 -0.677
loglik[149]    -0.840 -0.160  0.883
loglik[15]      1.355 -1.285  2.571
loglik[150]     0.606 -1.093  0.758
loglik[151]    -0.955 -0.687  1.503
loglik[152]     1.562  0.175 -0.664
loglik[153]    -0.579 -1.507  2.115
loglik[154]    -0.954 -0.779  1.588
loglik[155]     0.782 -0.110 -0.067
loglik[156]     1.532  0.419 -1.036
loglik[157]     1.573  1.133 -1.141
loglik[158]     1.739 -1.653  2.202
loglik[159]    -1.108 -0.270 -1.276
loglik[16]      1.260 -0.599  2.988
loglik[160]    -0.238 -1.811  0.863
loglik[161]     1.013 -1.850  2.137
loglik[162]     1.091 -1.952  2.156
loglik[163]     0.249 -0.697 -0.459
loglik[164]     1.439 -0.374  0.550
loglik[165]    -0.070 -0.289 -0.078
loglik[166]    -0.666 -1.015 -1.076
loglik[167]    -3.232 -0.145 -1.252
loglik[168]     1.194 -0.280  0.573
loglik[169]    -0.475 -0.845 -0.870
loglik[17]      1.359 -1.149  2.548
loglik[170]    -0.720 -1.566  1.661
loglik[171]    -0.607 -2.201  1.238
loglik[172]     0.253  2.835  0.363
loglik[173]    -0.334 -0.579  1.643
loglik[174]    -0.714 -0.413  1.092
loglik[175]    -1.228  0.045  1.173
loglik[176]    -1.517  0.547  2.157
loglik[177]    -1.760 -0.007  0.915
loglik[178]    -1.740  0.058  1.140
loglik[179]     1.335  0.616 -0.418
loglik[18]      0.280  0.228  0.425
loglik[180]     1.683  0.818  0.132
loglik[181]     0.637 -2.042 -0.052
loglik[182]    -0.099 -0.761 -0.438
loglik[183]     1.079 -1.645 -0.333
loglik[184]     0.804  0.033 -0.959
loglik[185]     0.464 -0.791  0.443
loglik[186]     0.733 -2.011  0.411
loglik[187]    -0.500 -0.086  0.089
loglik[188]     0.303 -1.561 -0.084
loglik[189]     0.431 -1.319  0.138
loglik[19]      0.375 -0.056  1.252
loglik[190]     0.853  0.311  0.133
loglik[191]     0.106  0.735  0.176
loglik[192]     0.781 -0.045  0.323
loglik[193]     0.974  0.774  0.878
loglik[194]    -1.281 -1.419 -1.863
loglik[195]    -0.469 -1.684 -1.173
loglik[196]    -0.911 -0.616 -2.381
loglik[197]    -1.254 -0.537 -0.071
loglik[198]    -1.235  0.234 -2.038
loglik[199]    -1.214  0.724  1.681
loglik[2]       0.202 -0.843 -0.702
loglik[20]      0.856  0.007 -0.362
loglik[200]     0.467 -0.569  2.253
loglik[201]    -0.391 -0.265  1.581
loglik[202]     0.902  1.635 -1.284
loglik[203]     0.527  2.986  1.089
loglik[204]    -0.648 -1.491 -0.623
loglik[205]    -0.613 -1.780 -1.144
loglik[206]    -1.578 -0.888  1.511
loglik[207]    -1.110  0.830 -0.447
loglik[208]     0.814  0.244  0.462
loglik[209]    -1.073  0.878 -0.702
loglik[21]      0.584 -0.129  0.868
loglik[210]     0.242 -0.897 -0.321
loglik[211]     0.727 -0.564 -0.970
loglik[212]     0.179 -1.706  0.818
loglik[213]    -0.126 -0.359 -2.362
loglik[214]    -0.459 -0.513 -0.726
loglik[215]     0.027 -0.685 -1.248
loglik[216]     0.859 -1.207  1.332
loglik[217]     0.417 -0.963  1.395
loglik[218]     0.868 -1.200  0.311
loglik[219]    -0.584 -0.441 -1.073
loglik[22]      1.029  1.816  0.004
loglik[220]    -0.128  3.169  1.110
loglik[221]     0.218  2.597  0.816
loglik[222]    -0.926 -1.046 -0.585
loglik[223]    -0.989 -0.843 -0.474
loglik[224]    -1.141 -0.367 -0.200
loglik[225]     1.019 -0.789 -1.754
loglik[226]    -1.158 -0.396 -0.486
loglik[227]     0.600  0.505 -1.165
loglik[228]    -1.065 -0.998  1.354
loglik[229]    -0.632 -1.355  2.489
loglik[23]      1.279  1.323 -0.143
loglik[230]     0.914 -0.211 -2.003
loglik[231]    -0.107 -1.360  0.908
loglik[232]     1.167  1.348 -0.747
loglik[233]     0.736 -2.454  1.049
loglik[234]     0.878  1.174 -0.251
loglik[235]     0.988  1.061 -0.311
loglik[236]    -0.984  1.292  2.011
loglik[237]     0.374  1.222  1.855
loglik[238]     0.451 -0.817 -2.763
loglik[239]     0.143 -0.409  0.492
loglik[24]     -1.152 -1.565  0.090
loglik[240]    -0.486 -1.001 -1.098
loglik[241]    -0.850 -0.196 -0.372
loglik[242]    -1.082 -0.262 -0.755
loglik[243]    -0.092  0.322  0.982
loglik[244]     0.196 -0.596  0.051
loglik[245]     1.231  1.186 -1.685
loglik[246]    -0.848 -2.535  0.467
loglik[247]     0.174 -2.856 -0.574
loglik[248]     0.240  2.468 -0.330
loglik[249]    -0.582 -0.941  0.414
loglik[25]      0.712  0.543 -0.406
loglik[250]    -1.145 -0.851 -0.789
loglik[251]    -0.238  2.008  0.697
loglik[252]    -1.114  0.058  0.161
loglik[26]      1.469 -1.402 -1.028
loglik[27]     -0.372 -0.725 -1.557
loglik[28]     -0.824  0.557  0.570
loglik[29]     -0.794  0.880  1.096
loglik[3]      -1.665  0.680 -0.252
loglik[30]     -0.793  0.128 -0.350
loglik[31]      0.465 -1.007  0.311
loglik[32]      0.646 -0.425 -4.150
loglik[33]      1.119 -2.530 -0.907
loglik[34]      0.276  1.753  0.911
loglik[35]      1.891 -0.734 -0.373
loglik[36]      1.010  1.456 -0.770
loglik[37]      1.502 -0.155  0.265
loglik[38]     -0.081 -1.261  0.449
loglik[39]     -0.339 -1.457 -0.266
loglik[4]      -2.013  0.770  0.302
loglik[40]     -0.960  1.288  0.367
loglik[41]      0.895  0.892  0.625
loglik[42]      1.074  0.795  1.301
loglik[43]     -0.279 -1.374 -0.634
loglik[44]      0.616 -0.142  1.473
loglik[45]      0.830  0.479  1.416
loglik[46]      0.725 -1.300 -0.851
loglik[47]      0.839  0.662  1.146
loglik[48]      0.875  0.582  0.116
loglik[49]     -1.308  0.626 -0.246
loglik[5]      -1.368  0.915  0.046
loglik[50]      1.730 -1.644 -1.100
loglik[51]      0.487 -2.135  0.393
loglik[52]      0.318 -0.982 -2.231
loglik[53]     -0.394 -0.566  1.047
loglik[54]      0.031  1.756 -0.714
loglik[55]      1.810 -0.168 -1.661
loglik[56]      1.315 -1.036 -0.601
loglik[57]      1.198 -1.110 -0.235
loglik[58]      1.619 -0.793  0.315
loglik[59]      4.227 -0.284 -0.726
loglik[6]       0.769  0.124  0.969
loglik[60]     -1.597  1.185 -1.866
loglik[61]      1.314 -1.264 -0.046
loglik[62]      0.851 -1.430  0.405
loglik[63]      1.317  0.905 -1.081
loglik[64]      0.892  1.790  1.043
loglik[65]     -0.304 -0.290 -1.330
loglik[66]      0.830 -1.034 -0.298
loglik[67]     -1.361 -2.198 -1.584
loglik[68]      0.797  1.856  1.256
loglik[69]      1.964 -0.164 -0.764
loglik[7]       0.850 -1.415  0.226
loglik[70]     -1.002  0.336  1.313
loglik[71]      1.317 -0.413 -0.505
loglik[72]      0.844  1.174  2.157
loglik[73]     -0.450 -0.374 -0.638
loglik[74]      0.573  0.743  1.185
loglik[75]     -0.231 -0.553  0.246
loglik[76]     -0.449  0.641  0.744
loglik[77]      0.268 -0.938 -0.041
loglik[78]     -0.031 -0.848  0.379
loglik[79]      0.109 -1.617 -0.050
loglik[8]       0.937 -1.049 -0.031
loglik[80]      0.144 -1.721 -0.259
loglik[81]     -0.174 -0.353  0.071
loglik[82]     -0.834 -0.498  0.727
loglik[83]      0.749  0.324  0.574
loglik[84]      0.445  0.166  2.578
loglik[85]      0.186  1.262  2.604
loglik[86]      0.453  0.056  0.096
loglik[87]     -1.486 -0.297  0.426
loglik[88]     -0.375  0.804  0.688
loglik[89]      0.740  2.168 -1.078
loglik[9]       0.978 -0.232 -0.242
loglik[90]      0.021  1.782 -0.839
loglik[91]     -0.494 -0.629 -0.641
loglik[92]     -0.764 -0.943  0.259
loglik[93]     -0.320  1.784  0.981
loglik[94]     -0.645  0.588  0.602
loglik[95]     -0.159 -0.042  0.121
loglik[96]      0.547  1.459  0.495
loglik[97]     -1.070  0.106 -0.717
loglik[98]     -0.318 -0.123 -1.353
loglik[99]     -0.967 -0.165 -1.981
p.global[1]    -0.039  0.413 -0.857
p.global[2]    -0.544  1.213  1.339
p.global[3]     0.536 -2.953 -0.603
resid.prop[1]   0.308  0.584  0.802
resid.prop[2]   0.574  0.459  0.654
