
################################################################################
# Gelman-Rubin Diagnostic
################################################################################

Generally the Gelman diagnostic should be < 1.05


Out of 176 variables: 5 > 1.01

                      
0 > 1.05

                      
0 > 1.1


The worst variables are:

            Point est. Upper C.I.
p.global[3]   1.024943   1.032141
p.global[2]   1.021866   1.028313
loglik[59]    1.016698   1.017306
loglik[69]    1.016055   1.017860
loglik[30]    1.012398   1.014525
loglik[82]    1.007682   1.016571
loglik[7]     1.007471   1.010509
loglik[81]    1.007244   1.015979
loglik[55]    1.005386   1.006374
loglik[48]    1.005167   1.006498


And here are the Gelman diagnostics for all variables:

               Point est. Upper C.I.
deviance        1.0004118  1.0013291
ilr.fac1[1,1]         NaN        NaN
ilr.fac1[1,2]         NaN        NaN
ilr.fac1[10,1]  1.0006824  1.0032423
ilr.fac1[10,2]  1.0001665  1.0004321
ilr.fac1[11,1]  1.0012777  1.0033902
ilr.fac1[11,2]  1.0007551  1.0032459
ilr.fac1[12,1]  1.0010704  1.0012779
ilr.fac1[12,2]  1.0022855  1.0094605
ilr.fac1[13,1]  1.0013312  1.0015226
ilr.fac1[13,2]  0.9999825  1.0004749
ilr.fac1[14,1]  0.9997882  0.9999664
ilr.fac1[14,2]  1.0014044  1.0044646
ilr.fac1[15,1]  1.0000495  1.0012663
ilr.fac1[15,2]  1.0005984  1.0027513
ilr.fac1[16,1]  1.0033661  1.0107237
ilr.fac1[16,2]  0.9997090  0.9999212
ilr.fac1[17,1]  1.0014974  1.0051302
ilr.fac1[17,2]  0.9998892  1.0000078
ilr.fac1[18,1]  0.9995632  0.9996398
ilr.fac1[18,2]  1.0018198  1.0078981
ilr.fac1[19,1]  0.9995988  0.9998179
ilr.fac1[19,2]  1.0005491  1.0021580
ilr.fac1[2,1]   1.0002512  1.0019791
ilr.fac1[2,2]   1.0025754  1.0084851
ilr.fac1[20,1]  1.0008603  1.0033622
ilr.fac1[20,2]  1.0008611  1.0013652
ilr.fac1[21,1]  1.0007011  1.0024938
ilr.fac1[21,2]  0.9998419  1.0003640
ilr.fac1[22,1]  0.9997902  1.0005060
ilr.fac1[22,2]  1.0002417  1.0017405
ilr.fac1[23,1]  1.0000201  1.0012365
ilr.fac1[23,2]  1.0003872  1.0021797
ilr.fac1[24,1]  0.9996851  0.9997513
ilr.fac1[24,2]  1.0007598  1.0019730
ilr.fac1[25,1]  1.0007624  1.0023543
ilr.fac1[25,2]  0.9997587  1.0004348
ilr.fac1[26,1]  0.9997557  1.0001337
ilr.fac1[26,2]  0.9999956  1.0006894
ilr.fac1[27,1]  1.0001930  1.0017831
ilr.fac1[27,2]  1.0019315  1.0067621
ilr.fac1[28,1]  1.0001294  1.0001742
ilr.fac1[28,2]  0.9995932  0.9998380
ilr.fac1[29,1]  0.9996825  0.9997110
ilr.fac1[29,2]  0.9997633  1.0003830
ilr.fac1[3,1]   1.0013525  1.0030955
ilr.fac1[3,2]   0.9999211  1.0010448
ilr.fac1[30,1]  0.9998178  1.0005129
ilr.fac1[30,2]  1.0006617  1.0030235
ilr.fac1[31,1]  1.0004748  1.0029263
ilr.fac1[31,2]  1.0009403  1.0040731
ilr.fac1[4,1]   1.0009947  1.0028252
ilr.fac1[4,2]   1.0010885  1.0032370
ilr.fac1[5,1]   1.0006302  1.0035613
ilr.fac1[5,2]   1.0016169  1.0062736
ilr.fac1[6,1]   0.9997591  1.0003840
ilr.fac1[6,2]   1.0007782  1.0019898
ilr.fac1[7,1]   1.0022501  1.0092789
ilr.fac1[7,2]   1.0012215  1.0057203
ilr.fac1[8,1]   1.0017040  1.0063338
ilr.fac1[8,2]   0.9997885  0.9998295
ilr.fac1[9,1]   0.9997579  0.9998333
ilr.fac1[9,2]   1.0003516  1.0014607
ilr.fac2[1,1]         NaN        NaN
ilr.fac2[1,2]         NaN        NaN
ilr.fac2[2,1]   0.9998922  0.9999789
ilr.fac2[2,2]   1.0021761  1.0059297
ilr.fac2[3,1]   1.0015880  1.0068613
ilr.fac2[3,2]   1.0005552  1.0025743
ilr.global[1]   1.0004404  1.0004492
ilr.global[2]   1.0011537  1.0047783
loglik[1]       1.0011564  1.0023190
loglik[10]      1.0035603  1.0037602
loglik[100]     1.0012706  1.0050933
loglik[11]      1.0019986  1.0025252
loglik[12]      1.0009356  1.0036590
loglik[13]      1.0006390  1.0032700
loglik[14]      1.0010299  1.0041676
loglik[15]      0.9998194  1.0004738
loglik[16]      1.0010788  1.0010856
loglik[17]      1.0013297  1.0015657
loglik[18]      1.0011163  1.0038075
loglik[19]      1.0001653  1.0014447
loglik[2]       1.0010660  1.0039095
loglik[20]      1.0000804  1.0014615
loglik[21]      1.0004790  1.0020667
loglik[22]      1.0003784  1.0007414
loglik[23]      1.0008922  1.0037927
loglik[24]      1.0015244  1.0046131
loglik[25]      1.0005525  1.0017737
loglik[26]      1.0013314  1.0044381
loglik[27]      1.0008996  1.0046042
loglik[28]      1.0004356  1.0025022
loglik[29]      1.0007256  1.0039785
loglik[3]       1.0012451  1.0037049
loglik[30]      1.0123978  1.0145251
loglik[31]      0.9996621  0.9997596
loglik[32]      1.0000404  1.0006019
loglik[33]      0.9997583  1.0004027
loglik[34]      1.0000987  1.0005914
loglik[35]      0.9999900  1.0006598
loglik[36]      1.0007605  1.0011575
loglik[37]      0.9996674  1.0000715
loglik[38]      1.0004240  1.0019074
loglik[39]      1.0004356  1.0013690
loglik[4]       1.0014837  1.0026185
loglik[40]      1.0018915  1.0020423
loglik[41]      1.0006363  1.0017981
loglik[42]      1.0046402  1.0055895
loglik[43]      0.9996134  0.9999063
loglik[44]      1.0046042  1.0055158
loglik[45]      1.0039304  1.0052713
loglik[46]      1.0021360  1.0031805
loglik[47]      1.0007787  1.0024582
loglik[48]      1.0051666  1.0064981
loglik[49]      1.0015662  1.0020416
loglik[5]       0.9996895  0.9998709
loglik[50]      1.0012149  1.0020466
loglik[51]      1.0043379  1.0092784
loglik[52]      1.0031218  1.0075844
loglik[53]      1.0018566  1.0035892
loglik[54]      1.0016637  1.0025020
loglik[55]      1.0053856  1.0063738
loglik[56]      0.9998739  1.0004842
loglik[57]      1.0025072  1.0041800
loglik[58]      1.0033195  1.0041095
loglik[59]      1.0166982  1.0173059
loglik[6]       1.0015760  1.0039046
loglik[60]      1.0027805  1.0037706
loglik[61]      1.0026527  1.0029152
loglik[62]      0.9995114  0.9995394
loglik[63]      1.0002287  1.0015249
loglik[64]      1.0013688  1.0033931
loglik[65]      0.9996384  0.9997957
loglik[66]      1.0009853  1.0032312
loglik[67]      1.0007575  1.0018334
loglik[68]      1.0023826  1.0042192
loglik[69]      1.0160546  1.0178598
loglik[7]       1.0074714  1.0105093
loglik[70]      1.0008154  1.0017344
loglik[71]      1.0003844  1.0022442
loglik[72]      0.9996896  0.9997292
loglik[73]      1.0007949  1.0008238
loglik[74]      1.0021730  1.0036111
loglik[75]      1.0001791  1.0001857
loglik[76]      1.0000618  1.0001870
loglik[77]      1.0010834  1.0011314
loglik[78]      1.0005091  1.0017528
loglik[79]      1.0028891  1.0040331
loglik[8]       1.0000523  1.0007530
loglik[80]      1.0004230  1.0025410
loglik[81]      1.0072443  1.0159786
loglik[82]      1.0076821  1.0165710
loglik[83]      1.0024397  1.0046010
loglik[84]      1.0029964  1.0039156
loglik[85]      1.0007030  1.0010527
loglik[86]      1.0000702  1.0010229
loglik[87]      1.0005274  1.0017427
loglik[88]      1.0019318  1.0042116
loglik[89]      1.0003210  1.0012249
loglik[9]       1.0016259  1.0032321
loglik[90]      1.0001399  1.0010829
loglik[91]      1.0005048  1.0018559
loglik[92]      1.0008893  1.0028759
loglik[93]      1.0016315  1.0031480
loglik[94]      1.0006631  1.0016117
loglik[95]      0.9997782  1.0001602
loglik[96]      1.0017731  1.0036379
loglik[97]      1.0021487  1.0039512
loglik[98]      1.0009950  1.0037734
loglik[99]      1.0010213  1.0036264
p.global[1]     1.0001691  1.0001745
p.global[2]     1.0218656  1.0283131
p.global[3]     1.0249426  1.0321406
resid.prop[1]   1.0010403  1.0031695
resid.prop[2]   1.0000346  1.0006468

################################################################################
# Geweke Diagnostic
################################################################################

The Geweke diagnostic is a standard z-score, so we'd expect 5% to be outside +/-1.96
Number of variables outside +/-1.96 in each chain (out of 
176
):


       Chain 1 Chain 2 Chain 3
Geweke      20       9      10


And here are the Geweke diagnostics for all variables:

               chain1 chain2 chain3
deviance        0.733 -2.127  1.462
ilr.fac1[10,1] -0.360 -1.873  0.092
ilr.fac1[10,2]  1.407 -1.260 -0.348
ilr.fac1[11,1] -0.086  0.655  0.212
ilr.fac1[11,2]  0.205 -1.884 -0.280
ilr.fac1[12,1] -1.611  0.489 -0.061
ilr.fac1[12,2] -1.326 -0.375  1.157
ilr.fac1[13,1]  1.241 -2.682  1.202
ilr.fac1[13,2] -2.491  0.677  0.987
ilr.fac1[14,1]  1.605  0.499 -1.115
ilr.fac1[14,2] -0.985 -1.301  0.102
ilr.fac1[15,1] -0.010  0.361 -0.368
ilr.fac1[15,2] -1.503 -0.699 -2.492
ilr.fac1[16,1] -0.100 -0.600 -1.345
ilr.fac1[16,2]  0.900 -0.984  0.603
ilr.fac1[17,1]  0.767 -0.225 -0.705
ilr.fac1[17,2] -2.157 -1.509 -0.087
ilr.fac1[18,1] -1.058  1.068  1.181
ilr.fac1[18,2] -1.505  0.971  0.857
ilr.fac1[19,1] -1.880  0.669  1.285
ilr.fac1[19,2]  2.208 -0.807 -1.197
ilr.fac1[2,1]   3.343 -6.020 -0.185
ilr.fac1[2,2]  -0.622 -0.548 -0.519
ilr.fac1[20,1]  0.617 -0.717  1.312
ilr.fac1[20,2]  0.376 -0.004 -1.435
ilr.fac1[21,1] -0.172  0.480 -0.069
ilr.fac1[21,2] -0.170  0.807  2.470
ilr.fac1[22,1] -0.990  1.438  2.413
ilr.fac1[22,2]  0.551 -0.038  0.687
ilr.fac1[23,1]  3.065 -1.232  0.924
ilr.fac1[23,2] -1.980  1.246  2.172
ilr.fac1[24,1] -1.048 -1.406 -0.918
ilr.fac1[24,2]  1.544 -0.095 -1.592
ilr.fac1[25,1]  0.281 -0.644  0.363
ilr.fac1[25,2]  1.333  0.441  0.677
ilr.fac1[26,1]  0.851 -2.173 -0.466
ilr.fac1[26,2]  0.097 -1.206  1.124
ilr.fac1[27,1] -2.221  2.122 -2.442
ilr.fac1[27,2]  0.390  0.850 -0.682
ilr.fac1[28,1] -2.004  0.738  1.796
ilr.fac1[28,2]  0.328 -1.521 -0.563
ilr.fac1[29,1] -0.500  1.307  0.603
ilr.fac1[29,2] -0.009 -1.479  0.161
ilr.fac1[3,1]  -0.823 -0.601 -0.840
ilr.fac1[3,2]   0.295 -0.941  0.008
ilr.fac1[30,1] -0.761  0.162  0.154
ilr.fac1[30,2] -1.609 -0.206  0.684
ilr.fac1[31,1] -0.484  0.288  0.123
ilr.fac1[31,2] -0.024 -1.382  0.517
ilr.fac1[4,1]   1.322 -0.483 -0.843
ilr.fac1[4,2]   1.387 -0.174  0.368
ilr.fac1[5,1]  -1.263  1.427 -1.050
ilr.fac1[5,2]   0.246  0.789  2.221
ilr.fac1[6,1]  -0.106 -0.979 -1.328
ilr.fac1[6,2]  -1.058 -0.002  1.084
ilr.fac1[7,1]   1.267  1.977 -0.069
ilr.fac1[7,2]   2.055 -1.208 -0.658
ilr.fac1[8,1]   0.035 -1.726  0.968
ilr.fac1[8,2]  -1.211  0.415  0.185
ilr.fac1[9,1]  -0.518  1.174  0.341
ilr.fac1[9,2]   2.754  0.640 -0.259
ilr.fac2[2,1]   1.117  0.012 -1.249
ilr.fac2[2,2]  -0.770  1.636  0.066
ilr.fac2[3,1]   0.754 -0.128 -1.705
ilr.fac2[3,2]  -1.510 -0.155  1.613
ilr.global[1]   1.673  0.691 -0.236
ilr.global[2]  -2.095  1.673  1.353
loglik[1]       1.048  0.551  0.549
loglik[10]      1.147  0.325 -1.221
loglik[100]    -1.405 -0.025  0.807
loglik[11]      1.373  0.032 -0.116
loglik[12]      1.054  0.873 -1.524
loglik[13]      0.343  1.826 -1.516
loglik[14]      1.194  0.821 -1.444
loglik[15]     -1.973  1.287  0.198
loglik[16]      0.469  0.164 -0.518
loglik[17]      1.430  0.106 -0.854
loglik[18]      2.202 -0.449 -1.202
loglik[19]     -0.240  0.296 -0.338
loglik[2]      -0.675  1.182 -0.743
loglik[20]      1.208 -0.362 -1.679
loglik[21]      1.179 -0.284 -1.678
loglik[22]      0.548 -0.374  0.366
loglik[23]     -1.423  1.467  1.142
loglik[24]     -1.181 -0.028  0.407
loglik[25]     -0.230  0.058 -1.381
loglik[26]      0.345 -0.735  0.397
loglik[27]     -2.052  1.190  0.474
loglik[28]     -0.460  0.357  0.128
loglik[29]     -1.614  1.034  0.260
loglik[3]       0.569  0.738 -2.288
loglik[30]      0.637  0.185  0.458
loglik[31]      0.221 -0.819  0.003
loglik[32]      0.192  0.158 -1.199
loglik[33]     -0.035  0.559 -1.671
loglik[34]      0.220  0.034 -0.867
loglik[35]      0.592  0.734 -1.897
loglik[36]      0.151 -0.811  1.120
loglik[37]      0.960  1.247 -1.785
loglik[38]     -0.931 -0.168  0.170
loglik[39]      0.225 -1.349  0.493
loglik[4]       0.674  1.826 -1.817
loglik[40]      0.691  0.245 -1.674
loglik[41]      1.573 -2.285 -1.627
loglik[42]      1.952  0.118 -1.715
loglik[43]      1.313  0.012 -0.392
loglik[44]      0.395 -1.072 -1.362
loglik[45]      1.544 -0.231 -1.580
loglik[46]     -1.037 -0.630  0.450
loglik[47]      1.615 -1.096 -2.016
loglik[48]     -1.369  0.868  1.020
loglik[49]      1.782 -0.558 -1.858
loglik[5]      -0.799  0.820  0.831
loglik[50]      1.326 -0.996 -1.021
loglik[51]      1.563 -0.804 -0.905
loglik[52]      1.515 -0.739 -1.216
loglik[53]      1.625 -0.685 -1.855
loglik[54]      1.695 -1.069 -1.716
loglik[55]      1.743 -1.167 -1.454
loglik[56]      1.341 -1.086 -0.872
loglik[57]      1.853 -2.507 -1.942
loglik[58]     -1.632  0.855  0.149
loglik[59]      2.043 -0.182 -0.613
loglik[6]       1.671 -1.417 -1.646
loglik[60]      1.439 -0.708 -1.530
loglik[61]      1.933 -1.030 -1.344
loglik[62]      0.679  0.369 -0.569
loglik[63]     -0.859 -0.386 -0.273
loglik[64]     -1.529  0.199  0.216
loglik[65]      1.041 -0.104  0.162
loglik[66]      2.730  0.042  0.556
loglik[67]      0.314 -0.815 -0.481
loglik[68]      1.200 -0.238 -0.307
loglik[69]      1.322  0.530 -0.315
loglik[7]      -0.114  0.767 -0.073
loglik[70]      1.772 -2.695 -0.924
loglik[71]      1.707 -0.180 -1.768
loglik[72]      1.749 -0.177 -1.752
loglik[73]      2.338 -0.687 -0.756
loglik[74]     -1.400  1.617  0.581
loglik[75]      2.681 -0.582 -1.185
loglik[76]      1.826 -1.012 -1.224
loglik[77]     -1.119  0.085  0.494
loglik[78]     -0.389  0.373  0.126
loglik[79]     -0.710  1.418 -0.632
loglik[8]       1.968 -1.037 -0.655
loglik[80]     -0.311  0.453 -0.260
loglik[81]      1.279 -0.976 -0.301
loglik[82]      1.280 -1.044 -0.278
loglik[83]      1.325  0.567 -0.941
loglik[84]      0.149 -1.275  0.014
loglik[85]      1.788 -1.088 -1.416
loglik[86]      1.921 -1.153 -1.879
loglik[87]      1.779 -1.002 -2.249
loglik[88]      0.940 -0.660 -0.969
loglik[89]      1.577 -1.241 -1.013
loglik[9]       1.183 -0.769 -2.461
loglik[90]      1.631 -0.901 -1.332
loglik[91]      1.217 -0.113 -1.564
loglik[92]      1.757 -0.505 -1.529
loglik[93]      1.783  0.163 -1.369
loglik[94]      1.457 -0.141 -1.189
loglik[95]      0.791 -0.167 -0.840
loglik[96]      1.219 -0.784 -1.006
loglik[97]      1.963 -0.230 -1.315
loglik[98]     -1.219 -0.739  0.757
loglik[99]     -0.538  1.139  0.680
p.global[1]     0.129  0.569 -0.188
p.global[2]    -1.449  0.959  1.176
p.global[3]     1.809 -1.189 -1.322
resid.prop[1]  -1.626  1.657  0.697
resid.prop[2]  -0.274 -0.394  0.613
