
################################################################################
# Gelman-Rubin Diagnostic
################################################################################

Generally the Gelman diagnostic should be < 1.05


Out of 334 variables: 3 > 1.01

                      
0 > 1.05

                      
0 > 1.1


The worst variables are:

              Point est. Upper C.I.
loglik[117]     1.015814   1.020144
loglik[121]     1.011282   1.013358
p.global[1]     1.010007   1.034899
ilr.global[1]   1.008654   1.032054
loglik[100]     1.007360   1.010767
ilr.global[2]   1.006409   1.023877
loglik[53]      1.006237   1.017962
loglik[165]     1.005914   1.016523
ilr.fac2[3,1]   1.005456   1.020794
loglik[19]      1.004695   1.015336


And here are the Gelman diagnostics for all variables:

               Point est. Upper C.I.
deviance        1.0001740  1.0016396
ilr.fac1[1,1]         NaN        NaN
ilr.fac1[1,2]         NaN        NaN
ilr.fac1[10,1]  1.0010305  1.0043644
ilr.fac1[10,2]  1.0011434  1.0052536
ilr.fac1[11,1]  1.0010566  1.0022036
ilr.fac1[11,2]  1.0005577  1.0015118
ilr.fac1[12,1]  1.0010477  1.0051373
ilr.fac1[12,2]  1.0015360  1.0054189
ilr.fac1[13,1]  0.9999019  1.0009048
ilr.fac1[13,2]  1.0002995  1.0010063
ilr.fac1[14,1]  1.0002196  1.0015211
ilr.fac1[14,2]  1.0000334  1.0011564
ilr.fac1[15,1]  1.0002598  1.0013781
ilr.fac1[15,2]  1.0005739  1.0016814
ilr.fac1[16,1]  1.0006290  1.0021624
ilr.fac1[16,2]  1.0002468  1.0014222
ilr.fac1[17,1]  1.0003161  1.0014852
ilr.fac1[17,2]  1.0002665  1.0014392
ilr.fac1[18,1]  0.9996849  0.9998075
ilr.fac1[18,2]  1.0013845  1.0057508
ilr.fac1[19,1]  1.0001624  1.0010809
ilr.fac1[19,2]  1.0007089  1.0037094
ilr.fac1[2,1]   1.0011912  1.0055199
ilr.fac1[2,2]   1.0025200  1.0101535
ilr.fac1[20,1]  0.9998991  1.0006511
ilr.fac1[20,2]  0.9996380  0.9998575
ilr.fac1[21,1]  1.0016145  1.0044672
ilr.fac1[21,2]  1.0021248  1.0032786
ilr.fac1[22,1]  1.0020780  1.0085542
ilr.fac1[22,2]  1.0022599  1.0093647
ilr.fac1[23,1]  1.0013349  1.0060205
ilr.fac1[23,2]  1.0000146  1.0001731
ilr.fac1[24,1]  1.0010698  1.0035586
ilr.fac1[24,2]  0.9997552  1.0004050
ilr.fac1[25,1]  0.9997618  1.0001469
ilr.fac1[25,2]  1.0009905  1.0022265
ilr.fac1[26,1]  1.0025840  1.0073532
ilr.fac1[26,2]  1.0011751  1.0019566
ilr.fac1[27,1]  0.9999114  1.0009800
ilr.fac1[27,2]  1.0018541  1.0061138
ilr.fac1[28,1]  1.0018007  1.0036193
ilr.fac1[28,2]  1.0016742  1.0065075
ilr.fac1[29,1]  1.0006727  1.0029412
ilr.fac1[29,2]  1.0007429  1.0008116
ilr.fac1[3,1]   1.0022235  1.0089604
ilr.fac1[3,2]   1.0016892  1.0049150
ilr.fac1[30,1]  1.0006500  1.0033062
ilr.fac1[30,2]  1.0001010  1.0001763
ilr.fac1[31,1]  1.0002489  1.0014635
ilr.fac1[31,2]  1.0001193  1.0017507
ilr.fac1[32,1]  1.0017620  1.0071235
ilr.fac1[32,2]  1.0013049  1.0044958
ilr.fac1[33,1]  1.0016281  1.0063816
ilr.fac1[33,2]  0.9996856  0.9997303
ilr.fac1[34,1]  1.0016706  1.0067277
ilr.fac1[34,2]  1.0006739  1.0032905
ilr.fac1[4,1]   0.9999680  1.0010202
ilr.fac1[4,2]   1.0007395  1.0037980
ilr.fac1[5,1]   0.9999504  0.9999767
ilr.fac1[5,2]   1.0023155  1.0025276
ilr.fac1[6,1]   1.0016885  1.0034428
ilr.fac1[6,2]   1.0005843  1.0033918
ilr.fac1[7,1]   1.0002405  1.0018706
ilr.fac1[7,2]   1.0015302  1.0068402
ilr.fac1[8,1]   1.0002987  1.0009851
ilr.fac1[8,2]   1.0014843  1.0063021
ilr.fac1[9,1]   0.9997313  1.0000245
ilr.fac1[9,2]   1.0006710  1.0009487
ilr.fac2[1,1]         NaN        NaN
ilr.fac2[1,2]         NaN        NaN
ilr.fac2[2,1]   1.0003020  1.0009119
ilr.fac2[2,2]   0.9995990  0.9996111
ilr.fac2[3,1]   1.0054560  1.0207945
ilr.fac2[3,2]   1.0025102  1.0097152
ilr.global[1]   1.0086537  1.0320536
ilr.global[2]   1.0064089  1.0238773
loglik[1]       0.9999658  1.0004757
loglik[10]      1.0024320  1.0092977
loglik[100]     1.0073596  1.0107671
loglik[101]     1.0035688  1.0088267
loglik[102]     1.0012823  1.0047565
loglik[103]     1.0023964  1.0092888
loglik[104]     1.0004162  1.0027932
loglik[105]     1.0001014  1.0010619
loglik[106]     1.0002197  1.0015147
loglik[107]     1.0032701  1.0126598
loglik[108]     1.0030775  1.0061979
loglik[109]     1.0036571  1.0038904
loglik[11]      1.0024107  1.0092314
loglik[110]     1.0045686  1.0124081
loglik[111]     1.0011161  1.0050876
loglik[112]     1.0011233  1.0027272
loglik[113]     1.0016770  1.0046647
loglik[114]     1.0010497  1.0048708
loglik[115]     1.0030941  1.0096786
loglik[116]     1.0006560  1.0032087
loglik[117]     1.0158140  1.0201442
loglik[118]     0.9999828  1.0008091
loglik[119]     1.0007318  1.0029364
loglik[12]      0.9999426  1.0002836
loglik[120]     1.0004030  1.0008505
loglik[121]     1.0112823  1.0133577
loglik[122]     0.9997493  0.9999752
loglik[123]     1.0004504  1.0018310
loglik[124]     1.0002570  1.0017424
loglik[125]     1.0001191  1.0017344
loglik[126]     1.0007913  1.0026571
loglik[127]     0.9998863  1.0004042
loglik[128]     0.9998572  0.9998889
loglik[129]     1.0000590  1.0012395
loglik[13]      0.9997707  0.9998340
loglik[130]     0.9996457  0.9999383
loglik[131]     1.0013555  1.0026846
loglik[132]     1.0001960  1.0003294
loglik[133]     1.0009664  1.0032981
loglik[134]     1.0002371  1.0021805
loglik[135]     1.0001375  1.0014007
loglik[136]     1.0011605  1.0055670
loglik[137]     1.0003101  1.0009199
loglik[138]     1.0013207  1.0023123
loglik[139]     1.0027584  1.0087563
loglik[14]      1.0000407  1.0001540
loglik[140]     1.0010929  1.0029122
loglik[141]     1.0007359  1.0010391
loglik[142]     1.0007201  1.0018771
loglik[143]     1.0004920  1.0024232
loglik[144]     1.0003755  1.0019337
loglik[145]     1.0005363  1.0024458
loglik[146]     1.0009571  1.0041339
loglik[147]     1.0005663  1.0026482
loglik[148]     1.0007165  1.0018522
loglik[149]     1.0002431  1.0021459
loglik[15]      1.0003965  1.0013072
loglik[150]     1.0004324  1.0017206
loglik[151]     1.0004735  1.0027668
loglik[152]     1.0012988  1.0034200
loglik[153]     1.0002119  1.0016259
loglik[154]     1.0004877  1.0027566
loglik[155]     1.0006374  1.0016181
loglik[156]     1.0014416  1.0055316
loglik[157]     1.0006575  1.0021513
loglik[158]     1.0017435  1.0022190
loglik[159]     1.0005295  1.0006280
loglik[16]      1.0017598  1.0034409
loglik[160]     1.0010398  1.0015518
loglik[161]     1.0023160  1.0028451
loglik[162]     1.0019406  1.0025277
loglik[163]     1.0023047  1.0041713
loglik[164]     0.9999568  1.0002018
loglik[165]     1.0059142  1.0165230
loglik[166]     1.0023075  1.0042613
loglik[167]     1.0004381  1.0019828
loglik[168]     1.0030311  1.0076829
loglik[169]     1.0021587  1.0081350
loglik[17]      1.0005907  1.0017561
loglik[170]     1.0022687  1.0030366
loglik[171]     1.0011750  1.0023388
loglik[172]     1.0003893  1.0004678
loglik[173]     1.0011523  1.0034968
loglik[174]     1.0026241  1.0050442
loglik[175]     1.0010342  1.0050932
loglik[176]     1.0013131  1.0053242
loglik[177]     1.0000759  1.0002895
loglik[178]     1.0004004  1.0011946
loglik[179]     1.0004351  1.0021377
loglik[18]      1.0017514  1.0044887
loglik[180]     1.0007705  1.0031937
loglik[181]     1.0004236  1.0022350
loglik[182]     0.9997634  1.0000493
loglik[183]     0.9998287  1.0006534
loglik[184]     0.9997224  1.0003136
loglik[185]     0.9998565  1.0002062
loglik[186]     1.0003985  1.0020564
loglik[187]     1.0036730  1.0082434
loglik[188]     1.0015882  1.0061694
loglik[189]     1.0003731  1.0011626
loglik[19]      1.0046949  1.0153363
loglik[190]     1.0036148  1.0139832
loglik[191]     1.0008803  1.0022860
loglik[192]     1.0019564  1.0077203
loglik[193]     1.0011516  1.0055060
loglik[194]     1.0012841  1.0042121
loglik[195]     1.0014522  1.0063952
loglik[196]     1.0002488  1.0019510
loglik[197]     1.0003600  1.0021890
loglik[198]     1.0021338  1.0080027
loglik[199]     1.0045031  1.0056372
loglik[2]       1.0007103  1.0033335
loglik[20]      1.0003656  1.0016236
loglik[200]     1.0001581  1.0008893
loglik[201]     1.0025174  1.0071458
loglik[202]     1.0007969  1.0041381
loglik[203]     0.9998916  1.0004969
loglik[204]     0.9995600  0.9995843
loglik[205]     1.0018330  1.0076017
loglik[206]     1.0010392  1.0038075
loglik[207]     1.0000535  1.0001852
loglik[208]     1.0037383  1.0093749
loglik[209]     1.0001035  1.0001537
loglik[21]      1.0042651  1.0115385
loglik[210]     1.0036629  1.0071646
loglik[211]     1.0022389  1.0079649
loglik[212]     1.0020056  1.0042681
loglik[213]     1.0005180  1.0019680
loglik[214]     1.0006136  1.0027763
loglik[215]     1.0004722  1.0019249
loglik[216]     1.0020375  1.0079323
loglik[217]     1.0008754  1.0042448
loglik[218]     1.0017582  1.0073687
loglik[219]     1.0007015  1.0028426
loglik[22]      1.0010733  1.0025640
loglik[220]     1.0000273  1.0005265
loglik[221]     1.0004332  1.0014182
loglik[222]     1.0009517  1.0032816
loglik[223]     1.0014736  1.0050650
loglik[224]     1.0018231  1.0053870
loglik[225]     1.0001622  1.0004332
loglik[226]     1.0027336  1.0030561
loglik[227]     1.0014719  1.0067131
loglik[228]     1.0008992  1.0045438
loglik[229]     1.0012027  1.0051617
loglik[23]      1.0033729  1.0060320
loglik[230]     1.0000229  1.0007024
loglik[231]     1.0016924  1.0067348
loglik[232]     0.9999611  1.0002952
loglik[233]     1.0009754  1.0040867
loglik[234]     1.0001540  1.0005107
loglik[235]     1.0001474  1.0004943
loglik[236]     0.9995644  0.9997216
loglik[237]     1.0012022  1.0053299
loglik[238]     1.0004738  1.0021977
loglik[239]     1.0019672  1.0066473
loglik[24]      0.9996125  0.9997384
loglik[240]     1.0004241  1.0015692
loglik[241]     1.0022300  1.0082716
loglik[242]     1.0011792  1.0048759
loglik[243]     1.0010380  1.0037332
loglik[244]     1.0007404  1.0029086
loglik[245]     1.0010302  1.0044039
loglik[246]     1.0036738  1.0119002
loglik[247]     1.0003582  1.0024779
loglik[248]     1.0002037  1.0009707
loglik[249]     1.0007444  1.0024232
loglik[25]      1.0010573  1.0028346
loglik[250]     1.0011220  1.0054212
loglik[251]     1.0017197  1.0022398
loglik[252]     1.0016151  1.0068428
loglik[26]      1.0022651  1.0086597
loglik[27]      1.0005014  1.0006687
loglik[28]      1.0039484  1.0086283
loglik[29]      1.0036378  1.0099118
loglik[3]       1.0013754  1.0030303
loglik[30]      1.0030147  1.0048435
loglik[31]      1.0032475  1.0115000
loglik[32]      1.0018429  1.0062624
loglik[33]      1.0008393  1.0042162
loglik[34]      1.0037893  1.0067519
loglik[35]      1.0002292  1.0020715
loglik[36]      1.0011739  1.0052401
loglik[37]      1.0022155  1.0093038
loglik[38]      1.0015100  1.0063710
loglik[39]      1.0044240  1.0077275
loglik[4]       1.0011644  1.0022615
loglik[40]      1.0007046  1.0012287
loglik[41]      1.0020601  1.0052894
loglik[42]      1.0032279  1.0089695
loglik[43]      1.0035347  1.0072251
loglik[44]      1.0030473  1.0046680
loglik[45]      1.0028031  1.0049222
loglik[46]      1.0019959  1.0033321
loglik[47]      1.0035733  1.0069603
loglik[48]      1.0007601  1.0022570
loglik[49]      1.0006753  1.0006828
loglik[5]       0.9999771  1.0002254
loglik[50]      1.0031252  1.0106549
loglik[51]      1.0039227  1.0140904
loglik[52]      1.0004982  1.0018213
loglik[53]      1.0062370  1.0179620
loglik[54]      1.0002325  1.0016263
loglik[55]      1.0023603  1.0068862
loglik[56]      1.0000116  1.0012772
loglik[57]      1.0004168  1.0023464
loglik[58]      1.0006466  1.0030755
loglik[59]      1.0028962  1.0051691
loglik[6]       1.0015369  1.0054492
loglik[60]      1.0010361  1.0044669
loglik[61]      1.0014696  1.0043612
loglik[62]      1.0028784  1.0066471
loglik[63]      1.0013220  1.0023885
loglik[64]      1.0006282  1.0034362
loglik[65]      0.9999087  1.0004275
loglik[66]      0.9996529  0.9998745
loglik[67]      0.9997085  0.9999193
loglik[68]      1.0004523  1.0006820
loglik[69]      1.0014532  1.0030237
loglik[7]       1.0021331  1.0074240
loglik[70]      1.0012667  1.0038359
loglik[71]      1.0016037  1.0044716
loglik[72]      1.0001893  1.0015762
loglik[73]      1.0031065  1.0044390
loglik[74]      1.0005712  1.0015116
loglik[75]      1.0006620  1.0034169
loglik[76]      1.0006097  1.0020607
loglik[77]      1.0003948  1.0026150
loglik[78]      0.9997453  0.9999304
loglik[79]      1.0008296  1.0035997
loglik[8]       1.0038100  1.0076261
loglik[80]      1.0019891  1.0059983
loglik[81]      1.0001248  1.0015932
loglik[82]      1.0003329  1.0022939
loglik[83]      1.0006992  1.0016766
loglik[84]      1.0011881  1.0031291
loglik[85]      1.0002780  1.0005747
loglik[86]      1.0000230  1.0009560
loglik[87]      0.9998326  0.9999353
loglik[88]      1.0009543  1.0045602
loglik[89]      0.9997301  1.0002838
loglik[9]       1.0026287  1.0098379
loglik[90]      1.0010895  1.0033022
loglik[91]      1.0016076  1.0067686
loglik[92]      1.0005729  1.0034079
loglik[93]      1.0000169  1.0007912
loglik[94]      1.0002423  1.0016296
loglik[95]      1.0002658  1.0018703
loglik[96]      0.9999502  1.0008217
loglik[97]      1.0018373  1.0068819
loglik[98]      1.0016305  1.0068429
loglik[99]      1.0028584  1.0112381
p.global[1]     1.0100068  1.0348985
p.global[2]     1.0020920  1.0084453
p.global[3]     1.0018391  1.0075768
resid.prop[1]   0.9998280  1.0005608
resid.prop[2]   1.0017515  1.0077198

################################################################################
# Geweke Diagnostic
################################################################################

The Geweke diagnostic is a standard z-score, so we'd expect 5% to be outside +/-1.96
Number of variables outside +/-1.96 in each chain (out of 
334
):


       Chain 1 Chain 2 Chain 3
Geweke      36      29      16


And here are the Geweke diagnostics for all variables:

               chain1 chain2 chain3
deviance       -0.231 -0.216  0.645
ilr.fac1[10,1]  2.044 -0.426  0.968
ilr.fac1[10,2]  1.841 -2.828 -0.408
ilr.fac1[11,1] -0.798 -0.345  0.714
ilr.fac1[11,2] -0.875 -0.924 -0.206
ilr.fac1[12,1]  1.353 -0.574 -0.717
ilr.fac1[12,2] -0.839 -1.281  0.033
ilr.fac1[13,1]  0.501 -0.554  1.464
ilr.fac1[13,2]  2.113 -0.216  1.683
ilr.fac1[14,1]  0.659  0.605 -1.618
ilr.fac1[14,2]  0.233 -1.035 -2.479
ilr.fac1[15,1]  2.532  0.635 -0.185
ilr.fac1[15,2]  0.695  0.434 -0.071
ilr.fac1[16,1]  1.965 -0.546 -0.372
ilr.fac1[16,2]  0.676 -1.273  0.508
ilr.fac1[17,1] -1.204  1.016 -0.596
ilr.fac1[17,2] -1.925  0.186 -1.395
ilr.fac1[18,1]  0.839  1.472 -1.458
ilr.fac1[18,2]  0.430  0.522 -0.184
ilr.fac1[19,1]  1.064  0.941 -1.838
ilr.fac1[19,2]  1.032 -1.600 -0.217
ilr.fac1[2,1]   0.860 -0.517 -1.522
ilr.fac1[2,2]   1.487 -1.302 -3.282
ilr.fac1[20,1] -0.631 -0.732  0.370
ilr.fac1[20,2] -0.120 -0.263 -0.602
ilr.fac1[21,1] -0.266 -1.413 -0.475
ilr.fac1[21,2]  0.668 -1.988 -0.965
ilr.fac1[22,1]  2.781  0.950 -0.316
ilr.fac1[22,2]  2.003 -1.315 -0.487
ilr.fac1[23,1] -2.750  0.051  0.966
ilr.fac1[23,2] -2.650 -1.117  0.816
ilr.fac1[24,1]  0.941  0.132 -1.644
ilr.fac1[24,2] -0.403 -0.801 -0.538
ilr.fac1[25,1]  0.661  1.052  0.349
ilr.fac1[25,2]  0.156 -1.725 -0.310
ilr.fac1[26,1]  1.888 -0.195 -1.378
ilr.fac1[26,2]  1.466 -0.930 -1.570
ilr.fac1[27,1]  1.530 -0.048  0.169
ilr.fac1[27,2]  1.658 -1.667 -2.116
ilr.fac1[28,1]  2.660  0.285 -0.557
ilr.fac1[28,2]  4.169 -1.181 -0.309
ilr.fac1[29,1]  2.037 -0.526 -0.477
ilr.fac1[29,2] -0.934  0.501  0.669
ilr.fac1[3,1]  -1.291  0.762 -0.030
ilr.fac1[3,2]   0.826 -2.260 -0.488
ilr.fac1[30,1]  0.598  0.966 -1.228
ilr.fac1[30,2]  0.668  0.357 -0.121
ilr.fac1[31,1]  1.684  0.054 -0.285
ilr.fac1[31,2]  1.764  0.332  0.069
ilr.fac1[32,1]  1.787  1.150 -0.667
ilr.fac1[32,2]  1.582 -0.396 -0.443
ilr.fac1[33,1]  1.430  1.002 -1.333
ilr.fac1[33,2]  0.234 -1.998  0.240
ilr.fac1[34,1]  1.726  1.055  0.236
ilr.fac1[34,2]  1.219 -0.030 -1.343
ilr.fac1[4,1]  -0.076  0.571  0.719
ilr.fac1[4,2]   0.348  0.644 -0.257
ilr.fac1[5,1]   0.732 -0.623 -1.315
ilr.fac1[5,2]   0.575  0.483 -0.767
ilr.fac1[6,1]   1.152  0.372 -1.698
ilr.fac1[6,2]   0.609  1.331 -2.077
ilr.fac1[7,1]  -0.794  0.551  0.154
ilr.fac1[7,2]  -0.340 -0.054 -0.051
ilr.fac1[8,1]   1.648  0.430 -0.930
ilr.fac1[8,2]  -0.273 -1.009 -1.911
ilr.fac1[9,1]  -0.385 -1.106  0.567
ilr.fac1[9,2]  -0.453 -0.752 -0.446
ilr.fac2[2,1]   1.879  2.029 -0.244
ilr.fac2[2,2]   1.945  1.074 -1.538
ilr.fac2[3,1]   1.701  0.598 -1.231
ilr.fac2[3,2]   3.389 -1.181 -0.959
ilr.global[1]  -1.701 -0.583  1.314
ilr.global[2]  -2.586  0.533  0.926
loglik[1]       0.027 -0.789 -1.391
loglik[10]      1.060 -0.941 -1.262
loglik[100]     0.207 -0.994  1.410
loglik[101]    -1.007 -0.163 -0.546
loglik[102]     0.745  1.984  1.427
loglik[103]    -2.592 -0.802 -2.136
loglik[104]    -1.113 -3.875 -0.741
loglik[105]    -2.412  0.327 -1.849
loglik[106]    -0.195  0.166  0.131
loglik[107]     1.172  2.253 -0.841
loglik[108]     1.790 -1.901 -0.538
loglik[109]    -0.290 -1.067  0.762
loglik[11]      1.065 -0.948 -1.260
loglik[110]     1.549  0.678  0.132
loglik[111]     1.156  0.905  1.674
loglik[112]    -0.005  0.558 -0.230
loglik[113]    -0.379  0.941 -0.051
loglik[114]    -0.219 -3.273 -1.301
loglik[115]     2.256 -0.841 -0.547
loglik[116]     1.159 -1.501  0.764
loglik[117]    -0.286 -1.491  0.724
loglik[118]    -0.228 -2.359  0.285
loglik[119]     0.275 -0.310 -0.907
loglik[12]     -0.386 -0.677  0.419
loglik[120]     1.650  1.369  1.704
loglik[121]     1.710  0.519 -0.001
loglik[122]    -0.636 -0.041  1.491
loglik[123]    -1.227  0.513  0.158
loglik[124]    -0.022  0.009 -0.110
loglik[125]     0.879  0.626  1.242
loglik[126]     0.096 -0.020  0.570
loglik[127]     0.607  0.059 -0.790
loglik[128]     0.440  0.161 -2.150
loglik[129]     0.895  0.158 -0.859
loglik[13]      1.660  0.293 -0.442
loglik[130]    -0.769  0.130  0.653
loglik[131]    -1.119  1.434 -2.363
loglik[132]    -0.201  0.878 -2.001
loglik[133]     2.232 -0.939  1.337
loglik[134]     1.357 -0.837 -0.596
loglik[135]     1.406 -0.831 -0.143
loglik[136]     0.293 -0.459  0.318
loglik[137]     0.827  0.363  2.345
loglik[138]     0.615  0.728  2.765
loglik[139]    -0.093  0.263  1.292
loglik[14]     -1.440 -0.838 -1.253
loglik[140]    -0.193 -0.948  0.801
loglik[141]     1.067  1.216  2.690
loglik[142]    -0.208 -1.145  0.678
loglik[143]     3.394 -1.844 -0.297
loglik[144]     2.926 -1.655 -0.296
loglik[145]     3.243 -1.374 -0.253
loglik[146]     3.603 -1.537 -0.173
loglik[147]     3.408 -1.547 -0.252
loglik[148]    -0.122  0.922  0.871
loglik[149]    -0.774 -0.128  1.884
loglik[15]     -1.078 -0.343  0.409
loglik[150]     0.171 -0.523  1.068
loglik[151]    -0.557 -0.514  1.878
loglik[152]     0.206  0.832  0.833
loglik[153]    -0.097 -0.887  0.915
loglik[154]    -0.515 -0.561  1.808
loglik[155]    -0.261  0.375  1.164
loglik[156]     0.713  1.181  0.718
loglik[157]     0.034  1.427  0.731
loglik[158]    -0.266 -1.455 -0.910
loglik[159]    -0.058  1.146  0.771
loglik[16]     -1.075  1.201  0.965
loglik[160]    -0.332 -0.597  0.185
loglik[161]    -0.148 -1.743 -0.523
loglik[162]    -0.321 -1.390 -0.496
loglik[163]    -0.512  0.232 -0.046
loglik[164]    -0.126  0.932  0.562
loglik[165]    -1.360 -1.318  0.086
loglik[166]    -0.511 -0.017 -0.624
loglik[167]    -0.679 -0.879 -0.988
loglik[168]    -0.728 -0.147  0.881
loglik[169]    -0.483  1.251  0.769
loglik[17]     -1.286 -0.195  0.407
loglik[170]    -0.885 -1.908  0.754
loglik[171]    -0.541 -2.008  0.901
loglik[172]    -0.296  0.420 -0.784
loglik[173]    -0.622 -1.720 -0.354
loglik[174]    -1.038 -1.102  0.654
loglik[175]     2.178 -0.962  0.258
loglik[176]     1.543 -1.029 -0.388
loglik[177]     2.410 -1.131 -0.218
loglik[178]     2.402 -1.153 -0.224
loglik[179]     0.289  0.433  1.354
loglik[18]      1.561  0.056  2.679
loglik[180]     0.037  0.463  1.016
loglik[181]    -0.200 -0.955 -1.216
loglik[182]     0.010 -1.830 -0.733
loglik[183]    -0.291  0.583 -1.658
loglik[184]    -0.207  1.114 -1.483
loglik[185]    -0.377  1.908 -0.603
loglik[186]    -0.296  0.736 -0.990
loglik[187]     1.746  1.074 -0.210
loglik[188]    -1.634  0.063 -0.332
loglik[189]    -1.328 -0.414 -0.002
loglik[19]      0.088 -0.234  1.579
loglik[190]    -0.049 -0.724  0.702
loglik[191]     2.213  0.167  0.730
loglik[192]     0.996 -0.319  0.884
loglik[193]     0.105  0.137 -1.082
loglik[194]     0.764  0.867  0.012
loglik[195]     0.885 -2.989  0.035
loglik[196]     0.261 -1.550  0.673
loglik[197]     1.560 -2.252  1.123
loglik[198]    -0.534 -2.489  0.747
loglik[199]     1.027  1.118  1.235
loglik[2]      -0.613 -0.761 -1.148
loglik[20]      1.726 -1.778  1.135
loglik[200]     1.905  0.012  0.666
loglik[201]     0.802  0.110  0.382
loglik[202]     2.044 -0.947  0.141
loglik[203]    -0.185  1.667  0.590
loglik[204]    -0.730 -1.048 -1.156
loglik[205]     0.467  0.017 -0.248
loglik[206]     0.226 -0.225 -1.101
loglik[207]     0.298 -0.346 -0.574
loglik[208]    -0.943 -0.509  1.575
loglik[209]     0.463 -0.352 -0.187
loglik[21]     -0.574 -0.333  0.404
loglik[210]    -0.685  0.459  0.018
loglik[211]    -1.140 -1.205 -0.214
loglik[212]     0.845  0.702 -0.160
loglik[213]     0.189 -1.945  0.615
loglik[214]     0.358 -2.086  0.924
loglik[215]     0.196 -2.482  0.905
loglik[216]     0.138  0.612  1.126
loglik[217]     0.017  0.025  1.177
loglik[218]    -0.025 -0.670  0.992
loglik[219]     0.508 -1.620  0.908
loglik[22]     -0.145  2.146  0.926
loglik[220]     1.288  1.893  0.419
loglik[221]     0.942  1.210  1.356
loglik[222]     1.610  0.530  0.716
loglik[223]     1.704  1.084  0.727
loglik[224]     1.616  1.507  0.849
loglik[225]    -2.511  0.632 -0.785
loglik[226]     0.753 -0.702 -0.893
loglik[227]    -0.887  1.547 -0.326
loglik[228]     0.380 -0.923  1.056
loglik[229]     0.329 -0.439  1.539
loglik[23]     -0.104  1.387  1.483
loglik[230]    -0.466 -1.538  0.217
loglik[231]     0.242 -0.793  1.512
loglik[232]     0.390  1.256 -0.142
loglik[233]     0.366 -1.233  0.537
loglik[234]     1.170  0.954  0.189
loglik[235]     1.106  0.853  0.180
loglik[236]     0.360  1.122 -0.343
loglik[237]    -0.035 -0.006 -0.359
loglik[238]     0.035 -1.523  1.195
loglik[239]     0.463  0.381  0.872
loglik[24]      0.290 -3.594 -1.803
loglik[240]     1.026 -1.519  0.708
loglik[241]     3.462 -0.758  1.305
loglik[242]     2.638 -1.580  1.182
loglik[243]     1.519  0.455  0.886
loglik[244]     1.291 -1.594  0.953
loglik[245]    -2.552 -0.490 -1.469
loglik[246]     0.548 -0.229  1.241
loglik[247]     0.595  0.337 -2.866
loglik[248]    -0.955 -1.719  2.505
loglik[249]    -0.152 -0.389 -0.960
loglik[25]     -0.285  1.861  0.639
loglik[250]     1.312  3.117 -1.438
loglik[251]    -1.172 -0.653  0.451
loglik[252]     0.633  2.650 -0.953
loglik[26]     -1.426 -1.690 -0.031
loglik[27]      0.136 -1.515  0.866
loglik[28]      0.697  1.278  0.721
loglik[29]      0.695  1.735  0.617
loglik[3]       1.300 -0.246 -0.805
loglik[30]      0.600  0.310  0.755
loglik[31]      0.427  0.857  1.294
loglik[32]     -0.314 -1.923  0.077
loglik[33]     -2.308 -0.651 -0.852
loglik[34]     -0.598  1.154  0.097
loglik[35]     -1.135 -1.504  0.453
loglik[36]      0.154  0.187  1.655
loglik[37]     -0.956 -1.259  0.996
loglik[38]     -1.437 -1.195 -2.120
loglik[39]     -0.376  1.038  0.000
loglik[4]       1.716 -0.419 -0.863
loglik[40]     -1.288  0.350 -1.039
loglik[41]      0.676 -0.499  0.322
loglik[42]      1.649  2.108  0.872
loglik[43]      0.006 -0.239  0.843
loglik[44]      0.291  1.851 -0.257
loglik[45]      1.825  2.173  0.523
loglik[46]      0.403 -1.370  0.903
loglik[47]      1.929  1.536  0.908
loglik[48]      0.457 -1.512  0.313
loglik[49]     -1.577 -0.344 -1.415
loglik[5]      -0.330 -0.337 -0.117
loglik[50]     -1.469 -1.288  0.251
loglik[51]     -0.352 -0.579  0.536
loglik[52]      0.523 -1.768  0.500
loglik[53]      0.411 -1.049  0.870
loglik[54]      0.573 -0.831 -0.207
loglik[55]     -0.126  0.436  0.800
loglik[56]      0.903  0.668 -0.549
loglik[57]      1.105  1.231 -0.374
loglik[58]      1.004  0.388 -0.303
loglik[59]      0.503  2.723 -0.379
loglik[6]      -0.495  1.516  0.729
loglik[60]     -1.189 -0.502 -0.992
loglik[61]     -1.568 -0.954  1.000
loglik[62]     -1.228 -0.192  1.015
loglik[63]     -2.353  1.740 -0.449
loglik[64]     -0.631  0.490 -1.100
loglik[65]     -0.711  1.248 -0.276
loglik[66]      0.212 -1.457 -0.154
loglik[67]      1.398 -2.214  0.406
loglik[68]      1.803  0.168  0.117
loglik[69]     -0.735  2.104 -1.122
loglik[7]      -0.757  1.159  3.021
loglik[70]      0.905 -1.866  0.127
loglik[71]     -1.568  0.862 -1.196
loglik[72]     -0.365 -0.414  1.931
loglik[73]     -1.028 -0.484  0.193
loglik[74]     -0.718 -0.462  1.070
loglik[75]      1.508  3.245  1.903
loglik[76]      0.331  0.537  1.529
loglik[77]      2.026  2.996  1.252
loglik[78]     -0.070 -1.516  0.234
loglik[79]      0.156 -1.910 -0.611
loglik[8]      -0.658  1.014  1.355
loglik[80]      0.510 -1.764 -1.419
loglik[81]      1.180 -1.133 -0.804
loglik[82]      0.697  0.283  0.389
loglik[83]     -1.212 -0.753  1.388
loglik[84]     -1.278 -0.909 -0.295
loglik[85]     -0.300 -0.358  1.163
loglik[86]     -0.385 -1.230 -0.220
loglik[87]      0.271 -0.878  1.945
loglik[88]      0.607  0.754 -0.456
loglik[89]      1.310  0.192 -0.471
loglik[9]       1.064 -0.871 -1.263
loglik[90]     -0.803 -0.246 -1.108
loglik[91]     -0.305 -0.279  1.083
loglik[92]     -1.229  0.033  0.643
loglik[93]     -1.020  1.010  0.578
loglik[94]     -1.144  0.915  0.033
loglik[95]     -1.595 -0.035 -0.595
loglik[96]     -0.760 -0.528  0.599
loglik[97]     -2.969  0.017  0.137
loglik[98]     -1.410 -0.573  0.046
loglik[99]     -2.105 -0.262  0.092
p.global[1]    -1.150 -0.286  0.685
p.global[2]     0.040  2.075 -0.012
p.global[3]     0.843 -2.339 -0.251
resid.prop[1]  -0.687  0.487  0.032
resid.prop[2]   1.338  1.211  0.916
